1	5.092077730216686
2	6.222473329691783
3	5.430386826644884
4	5.492734403353874
5	6.320854967043966
6	5.149695033796088
7	1.7976450050555064
8	4.791264629248981
9	5.90520543448937
10	1.7128741321211356
11	0.6966759446449222
12	4.256324977823797
13	2.1909607483845894
14	2.141539576477782
15	-0.03221306808170343
16	1.0645933094054092
17	2.816800756499787
18	4.81139009773663
19	5.8119868445613845
20	4.363097971565796
21	3.1347480094646434
22	5.122238814139702
23	4.922014905783526
24	5.658959913578481
25	5.101449477537254
26	4.5132408239477035
27	4.263324748436157
28	2.547453918005931
29	2.7435972835716944
30	0.20501155260893622
31	2.514982567672603
32	4.9708753254752365
33	4.585075507701002
34	7.495243929798604
35	8.166772631508568
36	7.651696463218751
37	8.287577459153525
38	7.88812767848293
39	4.038002115516103
40	4.196468346721626
41	5.330875927678643
42	-3.0451999149854716
43	-1.3581126115111504
44	5.774456750824913
45	-0.058942742652022595
46	6.652214878702405
47	7.516905988796348
48	9.991683670833304
49	9.223059786419583
50	4.817367598213127
51	5.998988816153179
52	6.961313776552511
53	7.858321668065094
54	9.6792490187993
55	11.800364486744986
56	13.946958572296126
57	6.836665861702065
58	10.560823861065458
59	0.05393023976831213
60	6.304165952514196
61	6.626937671200522
62	5.501387253743373
63	6.293555488976284
64	7.567307151334933
65	8.999399567861392
66	-0.20931571420006723
67	7.903241125802704
68	8.242297492481363
69	6.057648903560948
70	6.197091008879865
71	8.561970735214736
72	12.076090333411464
73	14.581146725760323
74	10.50178481985931
75	7.766908650549442
76	6.950382400910327
77	6.688131539881208
78	12.145824114111512
79	13.439083561962963
80	9.98405423276257
81	7.712166735152748
82	7.274492310144001
83	5.630270481766998
84	9.517177387558213
85	8.507071834720982
86	7.562591863994995
87	9.21541580671985
88	11.438884021443972
89	12.162912981752388
90	10.35255236516441
91	11.886843202367789
92	12.512349128340059
93	5.746803673000321
94	9.648249004315321
95	9.8789042020951
96	13.22868040412136
97	15.02167489437306
98	15.624816069487785
99	16.552863962770523
100	14.79768558512901
101	15.127830430278191
102	11.149253591735768
103	14.22983899746556
104	16.24007695223076
105	18.03713535146152
106	18.53307810309115
107	13.702792884709073
108	14.31515266554915
109	12.366094710929588
110	12.387304357422824
111	13.401356652693401
112	15.980308259888709
113	17.83545947876922
114	16.628362590693133
115	15.14869906634365
116	15.624581422110289
117	20.993865611125123
118	19.44207867782919
119	15.23496050762214
120	17.71123123724101
121	18.234539884348838
122	18.319252832969422
123	15.272397447856132
124	18.62867027074014
125	14.603305346132856
126	16.847179873603277
127	17.901744381477663
128	20.91171744380956
129	18.803261691038088
130	22.10418498401161
131	16.16379625588791
132	17.102904136006973
133	21.23700923373396
134	19.504631292275906
135	18.178015913029235
136	18.922756332093407
137	18.48077948064607
138	20.514867175975485
139	21.183475260247636
140	22.23847241299402
141	23.605378908409424
142	22.115184468536665
143	15.638778138814132
144	15.735502440188611
145	19.438728313663788
146	19.70476216526683
147	18.974684573361817
148	20.017859138739162
149	19.619326172140717
150	18.07729172667714
151	15.869462599889669
152	15.472541921764382
153	17.10350001078331
154	21.406797217187282
155	23.87144501249159
156	22.784542384607818
157	23.430716688675073
158	21.87207711766152
159	20.46768489587435
160	22.50808631413039
161	23.422444477448366
162	23.130858972482567
163	23.140649505247225
164	22.025158777592214
165	22.177554922844106
166	20.95072058406043
167	21.388744418039778
168	20.743477388029035
169	21.08867110138338
170	22.816708333019584
171	24.888254583135826
172	25.99352471534069
173	27.865147961859527
174	27.53480639869258
175	28.30292735541625
176	24.47650845258881
177	22.151800909849612
178	23.33905330697929
179	27.952923959759772
180	29.024884824227435
181	27.943164485831723
182	28.063300698559793
183	26.583672416584513
184	27.836960744827394
185	29.1101767746773
186	28.04358648723801
187	27.62029317819077
188	26.750861214777665
189	27.828005874112428
190	29.500002347173456
191	29.342792859012754
192	29.522152326037926
193	29.0997153940934
194	28.76330473082465
195	28.538087896202647
196	28.81458243467042
197	30.39039755157775
198	30.508200121813722
199	28.968908220652246
200	25.428055492782995
201	24.17223902601136
202	19.018072869158825
203	20.666821696725805
204	22.544173798603953
205	26.252691410282452
206	28.138315372248698
207	26.068014885651017
208	26.378631907808668
209	24.617031869428125
210	25.09077797010523
211	25.51219688413753
212	23.729623234808
213	24.31608826498725
214	25.269792482363272
215	26.66072894245231
216	28.01307010728378
217	28.26003928912767
218	29.118285536222444
219	29.149453564005306
220	29.282973405729955
221	29.953146207609755
222	30.465849222428922
223	30.597215955345426
224	29.45064994359982
225	29.74538262091783
226	29.662099853294897
227	29.55016164554865
228	29.700970211191624
229	29.981770330095465
230	30.442353765638245
231	22.336935882930135
232	23.577231579834244
233	21.91763508093386
234	22.47659446911075
235	27.181697826339352
236	28.435720572285867
237	27.42268860392562
238	27.153091011945264
239	24.90211039902171
240	26.093823874148633
241	26.521180331209344
242	26.640950191656792
243	27.04315647651415
244	28.738636835426867
245	29.1308589361904
246	28.28248886581992
247	27.563037637468817
248	26.9641030367573
249	24.57023938844815
250	24.66057131940017
251	25.860961199485473
252	27.30345045824553
253	28.524475583460287
254	28.149879792485358
255	28.244482621190393
256	28.13191074068903
257	28.004865635864782
258	27.92914580848855
259	27.81150153109929
260	28.306043244519806
261	28.406673404568288
262	25.85599736755828
263	21.147919771215292
264	22.959386510685157
265	23.712609810987736
266	19.519850216065176
267	19.761469372357872
268	19.67796326675626
269	18.54618546779391
270	19.834907683997894
271	20.545331618209996
272	21.60759560102109
273	23.983244215365673
274	20.226071338164797
275	16.720901346678772
276	16.210571125945492
277	17.309194028220848
278	16.611864821445256
279	21.871350400549325
280	19.231494154011294
281	17.769924144142365
282	19.897176738711043
283	21.579847743186985
284	20.485719410457953
285	20.547484102034986
286	19.541742139860617
287	21.1626926927769
288	24.35557669903688
289	23.760238591847973
290	21.067213367771583
291	18.18646073933501
292	15.032083258991957
293	17.186132553526992
294	18.605542008998597
295	20.995916863838545
296	23.410555515419926
297	21.488767695290523
298	21.55779432176868
299	14.622440301036189
300	14.303908771715253
301	15.695281743133048
302	16.60854719269447
303	16.757269166091387
304	18.59104677697307
305	16.788068666119557
306	17.45030045062332
307	17.346863141721613
308	18.93624203220006
309	19.58656445609259
310	19.210963374821926
311	19.564228682715544
312	15.649586230114895
313	13.144671702526558
314	13.38645730045138
315	12.881276990942698
316	17.55761196288469
317	18.55584771060355
318	16.800203052146298
319	13.167787495609858
320	11.422952509755806
321	12.451918627689196
322	11.478491763985623
323	17.227025129424582
324	17.824352608238648
325	11.179556407499845
326	10.16251026511576
327	12.634000701872555
328	12.122349402179022
329	9.776378503758895
330	9.68905242514695
331	10.247092450819043
332	10.873966289642556
333	12.997025511907069
334	15.071572461689449
335	7.820712326299602
336	5.8191889703542286
337	12.38532425338056
338	11.920751380364052
339	9.892537526421783
340	6.837323781416596
341	10.249416552784808
342	7.781639429125057
343	5.592505584816059
344	6.773034587453014
345	7.905746595520994
346	9.695088898324084
347	9.138713089572494
348	6.815469487308731
349	10.82460858207347
350	8.046384120729208
351	4.966821525961829
352	6.2657874822383155
353	6.3551403737979255
354	6.006657352283159
355	5.17010601304944
356	5.106266939941423
357	3.8999590144169067
358	4.578197645623134
359	4.091195462048019
360	2.198499634718618
361	3.8112512945229176
362	4.688354257925822
363	5.616267195539662
364	4.697288564717119
365	4.4177559863950036
