1	247.73149913379734
2	252.5064477049452
3	250.18308349451308
4	248.9431268237664
5	253.2017977241154
6	247.48351137024488
7	233.5103505605735
8	244.3148932560758
9	250.09590727517076
10	231.959616201934
11	235.20683387383136
12	242.50370568944308
13	236.3619795200795
14	236.51789398568826
15	242.88966262333813
16	230.96465471436676
17	237.99631258025218
18	243.75800020668063
19	249.16737496383232
20	241.67437400232853
21	238.9841817374238
22	245.29420853427231
23	247.09089991686335
24	251.8793170271029
25	244.83726171190497
26	243.33695233778278
27	240.96594649891634
28	234.18622342471608
29	239.75569946049796
30	232.2919093470276
31	230.17857657598637
32	243.16976549259726
33	247.63432332772558
34	256.2391380264127
35	260.5250357344406
36	260.68713003846176
37	264.70106593854723
38	258.38302214281595
39	246.08393526912894
40	252.65913552059814
41	246.87901817896793
42	239.5214755935197
43	240.42148820920985
44	241.93699448185862
45	241.17341550968507
46	250.49789763762394
47	254.36038384101812
48	275.167767254711
49	268.1483181098124
50	248.7928701144049
51	258.4473613076515
52	256.9224068712718
53	255.0237854668155
54	265.4128528661279
55	286.3335754721675
56	292.923307933007
57	249.60099999441888
58	271.91667293740943
59	254.73482096392792
60	257.898124464952
61	255.53502261576452
62	236.9395808470017
63	235.92813702450533
64	251.87346813477936
65	264.2833786270026
66	251.59813107535516
67	258.95534847811166
68	255.89238359241295
69	244.35277424243407
70	247.46147436096723
71	257.7585656531319
72	277.2786365485611
73	296.2531068655419
74	279.5631755460407
75	255.79272331786345
76	235.66797782887804
77	245.04146988825306
78	278.76028839640946
79	290.15797490735423
80	279.21798856160746
81	265.5526548557835
82	257.81383207331663
83	247.6034115177965
84	262.1025091150164
85	253.51927352715418
86	250.42623701327963
87	258.2793950693644
88	271.8002011544549
89	277.4315819455219
90	269.0331561210912
91	273.1961755762118
92	285.8270680897554
93	256.3682355865228
94	259.294007221216
95	260.8297843803709
96	282.36249060133497
97	300.52571120962534
98	312.327833894115
99	319.15495841361053
100	295.12233254819284
101	298.7189750391647
102	267.61282533020886
103	287.97717222662845
104	302.8241018038734
105	320.70245823459277
106	323.2836531967411
107	285.7215166643217
108	301.35837518486426
109	284.9282212939422
110	277.143285350031
111	291.4173854629713
112	309.9886574352455
113	325.3977647764991
114	303.32048382242533
115	297.47042709639953
116	300.4386195076186
117	339.3680238821167
118	328.13206929234656
119	298.256391369642
120	317.4342626568702
121	329.0915442596406
122	321.5508993703221
123	310.1587673913206
124	318.50203430659775
125	304.7764345801196
126	313.7308375112252
127	327.8530953086233
128	337.820278160744
129	324.673864310642
130	359.9180167342466
131	316.08267127332357
132	321.1293293633084
133	345.54968895661386
134	328.7633876502501
135	317.0496744256909
136	330.28650926058424
137	328.9666523549834
138	332.3625425870972
139	338.4659937686438
140	348.49568369013
141	358.7992468761886
142	350.3661131643937
143	311.6960201842159
144	307.78214743099926
145	325.3873341366491
146	335.96442986055325
147	334.9025177054666
148	342.3672337690279
149	339.4612512595001
150	325.80394506767476
151	303.1648632210054
152	304.2942414561739
153	321.96596139295923
154	342.5954039030357
155	358.7594415005926
156	360.24277399002483
157	358.1861743500634
158	354.4473155916082
159	344.8129164128034
160	353.1847222330953
161	367.32647867438266
162	365.8924605700908
163	366.47040924693744
164	355.99662645846104
165	357.77149336743787
166	345.36547916973524
167	353.310832893536
168	346.6979408496104
169	350.98001779433804
170	360.4126062116689
171	376.57999456005444
172	385.77279320706486
173	396.21220756025696
174	404.6482681795187
175	407.96218514854183
176	376.34949982179927
177	360.198552640685
178	369.01109802294627
179	400.1685274655115
180	412.6315192642661
181	406.34261125825327
182	406.28130064973334
183	395.2545642575596
184	401.9319917462608
185	413.8341548834061
186	403.6758851021837
187	398.8748271185093
188	395.53437511574845
189	408.7669462926511
190	415.29425889080636
191	411.79557764638184
192	413.4331772575828
193	410.1298087614915
194	407.0096871218196
195	406.8565149814452
196	409.2061167576103
197	410.15942401114256
198	412.58373197934094
199	418.79164352517694
200	410.8905041523217
201	395.1229286979258
202	347.7957696447409
203	342.3516968249069
204	361.3304854222603
205	385.9944142215383
206	399.7091923811207
207	398.8523803415117
208	405.49983430502493
209	397.8849230419181
210	399.35888436475153
211	392.20025442124467
212	374.730179281129
213	377.21196193318417
214	385.0970616735487
215	394.77415747883856
216	403.2669231346565
217	407.1885851014951
218	414.39409704340676
219	413.52981326537997
220	414.4754514996269
221	421.1873695729937
222	424.4573827098656
223	428.761685516763
224	422.69687145176454
225	419.5168183058765
226	421.10499898832455
227	419.5361881179474
228	422.0224863605912
229	423.7528688341269
230	429.5836880048507
231	388.98807145248986
232	373.04104701176357
233	357.6740210745218
234	361.6861200489229
235	394.45924287572154
236	408.32764016665067
237	404.4365455819062
238	396.89528754975424
239	380.9505161057244
240	384.89705559167214
241	389.7089073622871
242	388.3507945592033
243	396.5432855019192
244	413.83894419326816
245	413.8287151141421
246	408.9877928014892
247	401.68103612839764
248	398.0329034825711
249	377.8704952923948
250	373.263664620264
251	383.57893080814415
252	400.49102965523593
253	408.323935189159
254	405.0105289426381
255	405.33328383259106
256	405.2341466466185
257	405.2341466466185
258	405.17466433503495
259	406.12985270127336
260	408.2546288588522
261	406.9069180504805
262	388.68222165803206
263	352.4134655023012
264	367.66062371053687
265	368.56538435513494
266	340.3805043730439
267	334.417020889696
268	338.2528588929129
269	335.0060168240845
270	339.52822185219105
271	340.1843096105371
272	349.3226581757135
273	372.6932939440469
274	346.39978341119337
275	323.43301860295196
276	312.20088350289416
277	316.2089443267448
278	320.7996174476275
279	349.321919209036
280	331.8799950100542
281	323.7618456869641
282	339.5048369240125
283	349.26422078871036
284	346.0783877636062
285	343.03137235324004
286	340.4079620579731
287	349.25840914656766
288	379.7238580299231
289	372.6511795551034
290	349.5891793709474
291	330.0170004207955
292	310.3239797225427
293	322.5948822420504
294	333.1424436406823
295	348.91193718979724
296	367.8774144901104
297	353.3211679454251
298	353.1077456170599
299	299.6053870906278
300	296.6905140516108
301	305.5728114713731
302	311.6168418413402
303	318.42390097532234
304	328.3027025906675
305	315.0827227413651
306	320.2114036091022
307	325.9622846953094
308	331.12303575625725
309	338.3404175326369
310	338.1792610199215
311	334.5830464448811
312	309.59696505610935
313	295.5528774212635
314	297.6281205345175
315	296.70258926666094
316	320.6518910174215
317	327.81157091955106
318	319.00936685634144
319	295.80882271132447
320	280.057847049302
321	287.39925309455066
322	287.7137407605227
323	324.9937464430515
324	324.57156514083215
325	281.4303401698611
326	274.2294010908791
327	287.98574085360485
328	287.16499074454197
329	271.17291593135235
330	271.5149499012153
331	276.446103496054
332	284.06621284867686
333	296.7221411049134
334	305.32037762351683
335	268.4692327329935
336	256.9476246431402
337	291.90172762735995
338	284.4762574493762
339	272.3115264714965
340	263.4780696418487
341	274.7999005775057
342	268.5192850195233
343	254.03094868133599
344	254.98584207665536
345	260.63204482535576
346	270.9551624904337
347	267.87062661516006
348	262.9692295456246
349	277.5686551994004
350	264.3535159484308
351	245.56146758247263
352	252.57768501638438
353	253.06638175362227
354	251.11126354669773
355	249.37730640582643
356	252.73455488585364
357	245.0787134785669
358	244.7453678824103
359	243.28645544005107
360	239.78171135976604
361	239.94446479019837
362	245.34590563114338
363	249.68103848833186
364	244.09012686015637
365	244.26628736839604
