1	256.3247376764362
2	262.80466441866673
3	262.69446998631935
4	257.95025778257985
5	259.13403322871477
6	260.8588751734923
7	260.08065301454945
8	271.1067827302361
9	262.6998473072669
10	255.07432091732096
11	253.21221798033432
12	255.37057940113158
13	269.9463094858718
14	255.7831620486134
15	238.78942714765563
16	246.90563593901277
17	262.61150618428803
18	254.6889490314753
19	243.54422786339944
20	244.55789289220962
21	247.49959444962676
22	255.5772601592913
23	253.58257426983144
24	246.97704556174315
25	248.38477853909703
26	258.97979124086396
27	268.76747468460525
28	266.58585073679586
29	272.6146552728843
30	266.8478451448158
31	248.9557165763223
32	240.54222249868582
33	240.56917847751194
34	252.92624312320316
35	263.4038163029477
36	251.77834143477273
37	253.06568567935165
38	260.7654860636595
39	249.7721061133364
40	245.12824248551317
41	249.0310812912108
42	248.9558781409503
43	258.96011935175187
44	270.2256791244667
45	264.8963158387627
46	260.89109835687344
47	267.09374289208455
48	250.3049299584627
49	259.7124323553178
50	252.70559738428543
51	246.87817789515847
52	244.01602587224454
53	240.42610844781836
54	248.1245115878477
55	245.34814507617833
56	244.1523886316063
57	247.59773919630425
58	260.4234804906108
59	284.8503557254756
60	306.1908499387811
61	316.23888186479974
62	268.1602626851452
63	255.4652643878231
64	255.90637343745766
65	259.3570969451248
66	266.4030083791969
67	253.54182561576832
68	259.98707640228747
69	279.6987354538111
70	286.2785566113135
71	286.9036998008915
72	275.8514790229047
73	288.98937031764183
74	296.6822126304125
75	320.3381921807611
76	293.81922165676207
77	250.95383830190517
78	251.76400335078446
79	272.9971020253333
80	285.5650474402137
81	255.57083390616327
82	251.94436556056684
83	246.7287342880617
84	274.6827939088232
85	285.8020125760066
86	292.1868922675255
87	276.2703171923982
88	279.1435445026166
89	288.84370296592357
90	304.79086225203616
91	292.171526254925
92	302.1132015726737
93	323.9504127854231
94	302.95965851531076
95	305.21132977223374
96	300.3932589084044
97	306.2401250156927
98	294.19269557630383
99	288.4749716069584
100	323.10296521784096
101	292.20441490066713
102	283.67807557235875
103	289.0803557223123
104	277.88304936201854
105	286.408766283245
106	290.6424020788442
107	303.51951670164084
108	292.69260734789356
109	311.30765287930114
110	314.9158180053019
111	304.572251926336
112	299.89484920907177
113	326.187097172852
114	309.2391463439603
115	328.54989048117466
116	303.02576181884837
117	305.297437468727
118	326.9230321809372
119	334.14971177812015
120	324.973269563394
121	302.8130507365605
122	292.93264776914685
123	302.814901453806
124	313.9205165032375
125	300.17683945244704
126	289.47525175272455
127	286.8604122702447
128	301.4951746157887
129	352.9382460513023
130	359.9481263383081
131	301.6120158561535
132	286.0520462977266
133	301.08451893018133
134	320.9007425138933
135	350.6352105790099
136	332.9028500838446
137	315.45211020659616
138	329.9849752417333
139	322.7382481452646
140	337.3395920365883
141	339.7809813285638
142	340.725179216238
143	347.2271208487785
144	342.0357126560648
145	344.4691626921835
146	328.63426259393464
147	317.43547715026494
148	328.04006646145166
149	323.18716652406323
150	325.6810067918738
151	324.402442307872
152	317.94787722092525
153	329.40558348609693
154	347.1752449133483
155	361.01753837453754
156	360.34855420836993
157	359.0382628586868
158	364.2397748866127
159	368.6201205847099
160	377.97277318499397
161	367.2338199735228
162	340.07206767805144
163	356.02990530898035
164	363.4211619788462
165	349.662668544788
166	361.9888730789264
167	352.8634056529162
168	348.736123383046
169	349.6006314416081
170	337.1509359270044
171	342.25908654931897
172	339.6902482037289
173	336.237439546529
174	337.8329465979369
175	323.40410485174726
176	327.6419102411073
177	332.4879290882684
178	348.0133006182304
179	343.89314361467285
180	350.75383415352286
181	356.8593497537885
182	347.4345660921168
183	371.115998336546
184	360.3794295875653
185	368.4480809948072
186	381.75940119407306
187	379.58615273061514
188	378.65159497231315
189	366.63483996625087
190	378.80303542461775
191	388.32370770635737
192	373.1227208848683
193	375.0041094995668
194	364.87037006285476
195	355.41159974552255
196	359.72616478154526
197	364.3902558122246
198	361.54643194587214
199	362.8333842032887
200	376.685854439798
201	395.22670683159157
202	397.46662700962304
203	402.57436705481774
204	407.71936745909693
205	412.9539420819178
206	409.4314178450049
207	407.8872005139317
208	410.31103128759673
209	420.5265206196267
210	416.88298817002396
211	418.39468881732654
212	417.5195271382906
213	416.9137070371391
214	403.4388060966387
215	359.62177294320037
216	357.14257692498285
217	352.6838739324565
218	370.84001572375996
219	402.29610948597445
220	408.58516846580727
221	407.33631483922943
222	403.52017783446775
223	394.55700362315673
224	379.738960257076
225	376.2207762620928
226	401.7708823348716
227	408.09230118865224
228	408.31503524232176
229	410.0874451621948
230	408.3888582705946
231	405.1460120494427
232	404.4412500999646
233	402.8428929689631
234	393.74441674295366
235	402.6596723650717
236	411.8158518289535
237	416.6484860011312
238	414.47527685126266
239	411.1581060761658
240	403.5828824248821
241	410.9542825850496
242	405.8395636891032
243	405.89562578903536
244	406.1177679025031
245	402.8669950460636
246	409.52571883504544
247	423.6366940376258
248	415.6845157304007
249	389.0763823093705
250	359.68773916301006
251	353.7978408286837
252	361.2337177798567
253	372.33911030430625
254	377.31306975272827
255	367.81342621847216
256	344.981632349784
257	349.40816469367365
258	355.32396293692955
259	360.3724509607597
260	378.42227202018597
261	371.0715204038087
262	357.60905643981164
263	347.74421064598954
264	345.33851633860814
265	334.07291896489187
266	338.0785960504732
267	347.02443755594766
268	362.79210100393715
269	383.5902461863849
270	357.17538739625445
271	316.7660626705324
272	313.1059520488321
273	329.6640759171336
274	353.0313637230252
275	351.72087246238186
276	346.6979408496104
277	355.83126146275373
278	371.7168637366013
279	309.27174423315614
280	303.31928851810295
281	304.80724657124296
282	316.1327604715542
283	337.6225794225686
284	334.9673311454749
285	325.0237195813402
286	331.47318038468137
287	338.9673507212197
288	338.89886615044526
289	331.58644567042904
290	331.9718182762192
291	330.0826637402521
292	321.73248104982787
293	319.7231618190729
294	321.58000175307404
295	313.95968678397236
296	308.6409089253489
297	320.73754906969845
298	330.745547443615
299	328.54106338464794
300	304.28107398779815
301	304.9312300763721
302	305.0331963677561
303	299.29118667516866
304	326.8514785471313
305	313.12513900739833
306	296.29018616601
307	276.2920005411609
308	286.3483987787689
309	313.2365900510237
310	313.5202535555036
311	314.5017131922831
312	309.25184033371875
313	292.387090397275
314	288.1687675889368
315	311.8333262166254
316	293.2477047421502
317	296.39792700752673
318	300.8548950703024
319	310.1981546977122
320	308.1578712940181
321	306.76328641516716
322	297.5197119947723
323	293.8319115410953
324	302.2171100104696
325	316.9896083219492
326	281.4915720032724
327	269.50063021619474
328	285.9921369002635
329	295.3926619642709
330	295.3869851336462
331	281.0086396099731
332	252.31274548322665
333	254.84713173817926
334	282.9227498792741
335	291.4680675919277
336	290.5856026182833
337	289.9513994280671
338	268.87472677160014
339	271.33781493921117
340	265.8853604084649
341	264.26655672935175
342	285.9245686706554
343	323.1543840548255
344	295.3553111008656
345	302.69653678988465
346	283.50801411163604
347	262.08187238271313
348	268.66654426938936
349	268.03531055463685
350	249.3567848480569
351	252.13533545253998
352	256.88631010047465
353	254.92962195604613
354	253.32672790062335
355	259.10433795839475
356	273.4791624135253
357	280.20380304968245
358	269.25130835085906
359	244.86917897527204
360	241.6731317133594
361	253.04472209603816
362	264.84678793641183
363	272.4504319486545
364	278.2490049394295
365	265.0610937333209
366	255.85656849355092
