1	41.09219631865293
2	40.2646269150018
3	39.51521241838819
4	38.876868979862614
5	38.02844520512564
6	37.29267700260296
7	36.55259234425154
8	36.16488178815761
9	35.38218089807321
10	35.19857816116496
11	34.26504227426273
12	34.062183425099214
13	33.54620805960532
14	33.184023394219565
15	33.03422645143731
16	32.249974801363926
17	31.536271193038534
18	30.748405892192093
19	30.074603478998807
20	29.530556668031956
21	28.927258217458995
22	28.45264249660484
23	28.056676537786984
24	27.30827468607064
25	26.820969491980673
26	26.280472182143257
27	25.710453070801865
28	25.375095415653963
29	24.721286254049225
30	24.347717688799015
31	26.942340226883733
32	26.274313218801847
33	25.673201112786252
34	25.338080000450265
35	24.596703355787106
36	24.257981431400598
37	24.147142899938352
38	23.779457704115924
39	23.195780899386193
40	23.14470852369697
41	22.681855541439315
42	22.602012800149136
43	22.056304281987284
44	21.686842763328478
45	21.102966209562414
46	20.85973784059926
47	20.387049841406032
48	19.793965426522238
49	19.261120709764757
50	19.207959051723687
51	21.76444559929747
52	21.076831365674785
53	20.648814492565386
54	20.058453248848345
55	19.57279978078054
56	19.174121767205023
57	18.795235207313734
58	18.65396995222996
59	29.317937711931258
60	29.506008860284776
61	28.519761342328188
62	32.19052261457085
63	42.32114836143835
64	41.62543892861687
65	41.73332332240131
66	44.491095406998404
67	43.246715086361554
68	42.35051260203869
69	44.560245268251926
70	60.07644000038738
71	58.50735186514899
72	57.185418229803794
73	55.862835963711255
74	54.64776044483484
75	53.52462425166472
76	52.36275807752296
77	51.031697502809436
78	49.84352255785767
79	48.201727425869386
80	46.942868646173665
81	45.090355655762934
82	43.910249147436076
83	42.67141047210602
84	41.720866639470636
85	40.631432697430334
86	38.94007117071388
87	37.42432320153258
88	36.62262375809271
89	37.575705679102086
90	36.771395464187705
91	37.043957997410246
92	35.98900575981969
93	34.92084642992861
94	33.83260063857853
95	32.408054877986196
96	30.83379780321352
97	29.96246714707932
98	30.40841510594077
99	29.381432656444044
100	38.7468877549927
101	37.96023052704972
102	37.22374500817132
103	35.982788382924966
104	35.08527129961908
105	33.63335153540185
106	32.15575757555833
107	31.35148828242893
108	30.21987807513513
109	29.448512133726812
110	28.01010599822955
111	27.01175647316672
112	26.46542895882859
113	25.236218097652895
114	27.7882171900049
115	27.908402125547532
116	34.63318766703351
117	36.584110493088914
118	35.10798121011802
119	34.00219744063474
120	44.52028863840707
121	47.169721644564454
122	45.05827859418788
123	43.07207310288184
124	41.540220926813056
125	39.765228792701905
126	38.59983672503412
127	37.01877216451593
128	35.388225531972274
129	34.20425481596101
130	32.37252941422884
131	30.786468769642305
132	29.608355530238928
133	28.223648372572395
134	27.863827858727607
135	26.720029456597427
136	25.647016143146544
137	24.362260561343945
138	23.2981619529614
139	22.07863082810275
140	23.651528022509876
141	57.41043913168935
142	55.65252901957051
143	53.184006690857785
144	50.50311449174549
145	47.76371902191749
146	45.05823084332789
147	42.2379505426909
148	40.681496387885616
149	39.606938947411905
150	37.53499993584747
151	36.37603916167028
152	34.796821992606525
153	33.688790611392
154	32.10356385522709
155	30.610230938845994
156	29.52829490319046
157	27.399236732798826
158	43.48435760544552
159	42.13698920687671
160	47.08230264150493
161	70.23084519992389
162	69.26679582147483
163	67.92572941338685
164	65.6247953384081
165	63.549432275582
166	82.63536742011173
167	82.39705972624549
168	79.66544930263727
169	77.4991000147762
170	75.36387502702566
171	73.26870526026359
172	74.980630423871
173	77.41156989964419
174	76.08779383035048
175	98.03590247098678
176	96.08774867880133
177	93.62268820613299
178	92.77359784463029
179	91.66721550506153
180	91.4143939957096
181	95.01288722882563
182	93.57974879860248
183	91.91814345077476
184	91.89691354232285
185	100.0
186	98.63559627404447
187	97.84100269850032
188	98.95942035765214
189	97.50547932060624
190	96.28401230877809
191	94.90410189553995
192	94.67067571052735
193	95.1082392624083
194	93.72261505359273
195	99.09021281552486
196	99.89450945341099
197	100.0
198	97.87054722693215
199	100.0
200	99.47959420674569
201	97.68274980945172
202	96.66968512160237
203	96.27765225798306
204	94.3472884961395
205	96.96627188934218
206	94.82730726446569
207	92.38218852682573
208	100.0
209	100.0
210	99.62491288359335
211	96.74481994432402
212	93.95451498625933
213	91.17260016837461
214	88.31693635092839
215	85.5021983179023
216	82.69535384434518
217	79.70989167708584
218	76.887567138192
219	74.2394677326106
220	71.41543026037867
221	68.40906892656155
222	65.45341852085909
223	63.05507624143283
224	60.62048991176779
225	58.43040790885497
226	89.02828727329228
227	92.75576553110818
228	92.24166620733254
229	89.3600717036503
230	87.01872616660509
231	91.59147323926156
232	93.6332500616211
233	94.50498048988382
234	93.1566046594739
235	93.71721940582253
236	91.60327633620992
237	89.12035721335805
238	87.04441566619916
239	85.83947136612286
240	84.88337802082427
241	83.22871527245074
242	83.36678197571209
243	81.3770072423164
244	79.55814032807216
245	77.48424103499732
246	77.43022059090909
247	76.05373963945623
248	74.46850811216886
249	71.92617182958605
250	69.47168249306387
251	67.91501564077242
252	83.92576444542298
253	91.89809797664621
254	99.98286241261282
255	97.40062417116752
256	96.03485515157438
257	94.7358062344701
258	92.51388605329272
259	92.78728357230479
260	90.46731901636147
261	90.81535436469522
262	89.06422430167646
263	87.32780603242044
264	86.06325841361097
265	90.62854988717697
266	90.19845801314558
267	88.85182723754335
268	86.54806243439724
269	84.81927303744973
270	82.9194737422363
271	81.49018700975859
272	79.6410932535856
273	77.5866505338301
274	75.60599132604699
275	73.5805951551838
276	72.01808461325149
277	71.01267444473245
278	68.35903142032218
279	67.87930024028458
280	70.48959402263365
281	69.82266646911917
282	67.724327894869
283	66.116985497831
284	68.14918909767846
285	100.0
286	97.455840955675
287	99.58103589516027
288	99.4307901176481
289	98.4877126068768
290	97.75259768387114
291	100.0
292	100.0
293	98.71098348975546
294	99.82488788703067
295	100.0
296	98.66616323005839
297	97.73408906693837
298	100.0
299	98.33511693620912
300	97.22217308222626
301	96.00155698487922
302	98.66162823123669
303	97.62623862053579
304	96.69236604101948
305	95.17370966210844
306	93.99689787981424
307	93.35856166179593
308	92.09775242494072
309	90.8551032970749
310	89.64588476561585
311	88.6718343533911
312	87.20705152094249
313	86.23373991846917
314	85.10464276739668
315	85.92028913416378
316	84.44650672432726
317	83.7106485567813
318	82.47125791234123
319	81.4669610025103
320	80.55659373214368
321	79.32917725691718
322	78.45247900637523
323	77.74347212951521
324	76.3377059750153
325	75.27607360709771
326	91.54004541733444
327	100.0
328	100.0
329	99.05159412711949
330	99.03955043366936
331	98.50524154772748
332	97.73973570208248
333	96.94843311004202
334	96.16429047254027
335	95.584843159293
336	95.06028070469331
337	93.68954767508396
338	92.5463533892611
339	91.59309758609959
340	90.83307321697583
341	90.83307321697583
342	89.78311593360321
343	89.78311593360321
344	89.23152118218073
345	88.62472343413134
346	87.54393710848703
347	86.80236709161089
348	86.06768581568204
349	84.97059930362005
350	84.31325532707918
351	84.86401174212304
352	84.13454026897489
353	83.58490762165503
354	82.62557352244656
355	82.16985817028024
356	86.32826155695821
357	89.8002985723919
358	88.6666469395438
359	88.18592318033829
360	87.76227723699328
361	87.02398511173182
362	85.99756784774856
363	85.26764327569263
364	84.81444694499075
365	84.05519959035556
