1	245.97421519880152
2	233.53652616591077
3	226.0769652083539
4	243.98502182474587
5	232.44076923474972
6	231.81384167348546
7	233.9413662843499
8	240.74110441349933
9	237.39222059838286
10	247.94635172390034
11	248.4002729473648
12	244.99437282158033
13	250.4518430459514
14	253.83725082146256
15	230.969664051073
16	226.20643569473808
17	246.8010408199804
18	253.03866627033239
19	244.7486465459638
20	254.09147537578346
21	241.2728131298507
22	237.11187692581404
23	236.93255476383104
24	240.99682595817157
25	239.27432090769403
26	243.1598549624774
27	244.99704282682956
28	253.15621612221022
29	229.09453328051873
30	229.9505301390892
31	238.568371529816
32	235.24943644265718
33	229.71119630095595
34	236.0820115280818
35	237.98477658972553
36	245.71037052160878
37	239.86717714506625
38	239.15089331204825
39	251.27330621990012
40	273.17644865433584
41	272.2944732355736
42	274.5578476010586
43	245.32238245905245
44	239.33564878546454
45	247.3005376876077
46	249.6614382591331
47	248.05710616628684
48	252.45403063860275
49	243.20302134243903
50	251.15992276531892
51	253.6825195918936
52	248.54365441939794
53	248.62220708146052
54	259.80266555454835
55	243.3385413189726
56	248.6197978854414
57	251.63872037019848
58	247.58400297831622
59	241.6801491874277
60	243.8850909687487
61	264.65136630702875
62	256.86275750707216
63	233.7124167843413
64	237.36072287987884
65	242.27720298385404
66	-9999
67	262.28525989034637
68	245.9322457298193
69	240.56114131521002
70	235.76658357690846
71	238.24235807801222
72	243.62216639056257
73	251.16003416900864
74	261.38346444774453
75	264.2678542999655
76	257.98444398933384
77	255.18561590287499
78	257.6533823929968
79	250.06417501271298
80	249.69810925764457
81	251.78136565331533
82	273.3064023820863
83	287.24081579464945
84	286.4116379031135
85	285.95565791943125
86	290.5560551287777
87	276.5635164690123
88	264.8812805071436
89	264.18889774266455
90	287.51556178000897
91	284.75785908531606
92	277.60333040279045
93	277.62136817464136
94	268.91151772966293
95	262.0215102332629
96	269.50504693628267
97	280.8160111010081
98	305.4421238284106
99	284.6745334569723
100	266.4901495715172
101	279.66413383764484
102	302.4424878226644
103	323.2157800642283
104	293.76757370468044
105	289.1953539777221
106	307.9305622709973
107	321.00199357235914
108	334.1273728786308
109	335.1942701734594
110	305.3992440582199
111	289.63025553971795
112	284.53178276437654
113	294.28171597999693
114	320.2893233351675
115	318.00243436810143
116	333.72855156050156
117	316.64829380842787
118	322.92406639395756
119	331.24610045281054
120	314.93608974382073
121	286.6473406493159
122	308.62831654079497
123	337.7825847427183
124	350.18048961066
125	334.7009040014218
126	335.5706594750649
127	360.5091459937099
128	334.5129396257673
129	294.4319196750557
130	300.33266783779885
131	314.93608974382073
132	326.3243042841267
133	338.6338175519685
134	337.9321196049377
135	326.2230575984791
136	331.0130993785567
137	312.68916123939243
138	326.059541537613
139	328.4887881223125
140	332.20068898386467
141	338.5178299430376
142	324.4735260937453
143	325.67589359260126
144	331.8486948079183
145	323.28003500459835
146	318.344750849331
147	334.6902379016075
148	352.24809733568674
149	352.78978555283965
150	346.52179750448687
151	343.78941128387174
152	351.82405261925265
153	337.222926682135
154	341.9765741117926
155	346.17749375174407
156	352.0144248306436
157	346.70963960967487
158	353.67605876234137
159	351.5059958051748
160	342.6187636531831
161	340.67577999660887
162	351.5994141969104
163	358.2341397548459
164	381.03762353952396
165	382.9141113078887
166	362.68582135466056
167	370.09173004457
168	371.55929420903783
169	378.3469803296159
170	393.0465598933819
171	397.94865519341056
172	380.34524293750894
173	369.7715993110624
174	359.064432801678
175	363.3386433639861
176	364.38665025341913
177	352.06014706064775
178	371.0237761378026
179	368.06169584422173
180	384.51610625246275
181	378.22807467915726
182	363.6217172248019
183	365.4374098606612
184	355.50800797600454
185	382.9141113078887
186	368.6598374514602
187	355.1798622053952
188	355.26517085812804
189	357.76590992309434
190	351.57542750871653
191	356.49372500557973
192	387.24474754842646
193	391.8408067829097
194	360.7950207993044
195	348.99766841565435
196	358.93810066276103
197	361.4533709147299
198	360.92223319737485
199	350.94713270587215
200	359.5232505969997
201	379.46605714985867
202	384.3318163041001
203	360.98303708206697
204	340.77052322854115
205	363.60872002037735
206	368.05394127519446
207	363.95125625592107
208	360.44113103738476
209	360.2677828131403
210	372.1426060510898
211	383.7277846792239
212	392.17059387392766
213	383.55860150839084
214	401.6785916283049
215	413.4963213994016
216	419.5048906817534
217	406.42530879434395
218	401.5339791796981
219	396.5637572282503
220	399.38620548207285
221	398.8486223202847
222	411.0831371182903
223	404.65292381059777
224	387.3493632876306
225	374.37816624313155
226	352.96398282899634
227	352.26184832801135
228	353.1859211477667
229	355.652220058768
230	366.91564429177106
231	366.14608732358465
232	375.38278535847337
233	398.34286176410586
234	406.93428164485357
235	418.6463028284219
236	413.611143424405
237	409.2241823084551
238	403.79098744405815
239	386.8560652424762
240	369.4193232429998
241	402.15896440319057
242	377.23823290913305
243	365.7626642521378
244	365.9512473191563
245	390.1025494699964
246	405.5778946344506
247	385.812255680364
248	376.37106005655494
249	382.85640858145393
250	359.23068727265894
251	363.94426360732723
252	397.0188342840746
253	406.76284366800985
254	411.9399104436172
255	408.47930617581994
256	406.64144996939257
257	389.4384501995008
258	382.3710025851652
259	371.934610687321
260	383.4134713307106
261	392.952528687767
262	394.9582980012212
263	349.67729214553094
264	324.3646983865116
265	317.17349406761696
266	320.82978908252676
267	325.79921508172697
268	332.31836271495695
269	355.1097871103011
270	358.6617552978278
271	347.12884320489036
272	340.62147125322383
273	317.01157828870896
274	321.4376118520332
275	334.2079323825641
276	320.8717782374646
277	317.5213006608534
278	315.60046130430743
279	315.25230872434054
280	313.1148965583252
281	310.65834396021756
282	310.43004861053055
283	314.3046788902533
284	326.740250697998
285	350.8187294474811
286	348.57842714802746
287	311.062925507696
288	315.1051511955612
289	313.35236573473856
290	304.1848305987672
291	301.3570856211155
292	311.9812873311788
293	307.2532187588532
294	307.753626961124
295	318.4277464143869
296	317.53521097504347
297	292.26333253027104
298	293.4746265208705
299	310.1135156901637
300	307.96394359685905
301	309.30908966323506
302	318.7785897895061
303	307.2571764677659
304	299.9131337077109
305	311.2134409606018
306	328.19953237203055
307	324.04252843901264
308	319.33251545100745
309	313.3085316764819
310	327.45601750535513
311	333.082093476741
312	328.73508356675757
313	313.7198737405872
314	289.8458375805311
315	292.300982513297
316	300.6476545298433
317	290.25624213268526
318	279.77624107313255
319	285.537696270887
320	311.67958651415535
321	277.3895846719325
322	267.3361710880253
323	278.59327953541424
324	287.13604373334886
325	322.85339244776173
326	284.6805940252693
327	265.5444757672048
328	273.6213633634107
329	289.3250102273742
330	283.36794544338005
331	271.04840951386933
332	278.9050189294558
333	291.2022987725533
334	316.57499246180464
335	297.2850758672514
336	292.00230747922535
337	276.35647522447914
338	266.6181148591173
339	256.34131336718343
340	267.43006213418795
341	269.5684143311638
342	254.7160255956886
343	254.69679423114212
344	254.49922387249387
345	250.33933335695468
346	268.90873968799326
347	261.55211401501793
348	258.8774961858368
349	257.39089183192647
350	257.5391940462208
351	245.96747152181342
352	256.8513644350797
353	255.19831476571022
354	240.56428095906628
355	247.00782622125425
356	251.43875991747393
357	263.7127981731424
358	264.1027235892625
359	260.9711384448802
360	263.5885962762343
361	239.45160109205847
362	242.58178122105832
363	245.721352042126
364	257.43848603490216
365	251.23408002654173
