1	6.5
2	10.0
3	5.6
4	3.2
5	2.8
6	4.7
7	5.5
8	6.6
9	6.7
10	5.5
11	5.1
12	4.6
13	7.6
14	3.5
15	4.4
16	3.6
17	4.3
18	3.3
19	5.2
20	6.1
21	6.5
22	6.2
23	6.5
24	6.0
25	6.8
26	3.8
27	4.8
28	5.4
29	7.1
30	8.1
31	5.8
32	7.9
33	15.6
34	9.9
35	10.1
36	9.5
37	3.4
38	7.1
39	4.7
40	4.4
41	5.4
42	5.0
43	4.1
44	6.7
45	7.3
46	5.4
47	3.1
48	4.1
49	5.2
50	5.5
51	4.4
52	4.5
53	5.5
54	6.2
55	3.6
56	3.0
57	5.5
58	5.5
59	9.9
60	13.6
61	8.7
62	6.8
63	6.4
64	8.4
65	11.0
66	13.5
67	17.7
68	16.7
69	13.6
70	7.9
71	10.7
72	17.2
73	8.3
74	9.2
75	12.5
76	12.9
77	18.3
78	19.7
79	17.4
80	11.7
81	13.2
82	13.7
83	11.0
84	9.8
85	9.4
86	8.3
87	15.0
88	16.0
89	9.0
90	7.4
91	11.2
92	10.6
93	13.7
94	17.2
95	18.1
96	17.4
97	17.7
98	14.7
99	16.9
100	13.6
101	9.7
102	11.4
103	12.3
104	16.6
105	17.2
106	16.4
107	20.9
108	19.9
109	14.5
110	9.2
111	7.4
112	11.8
113	14.3
114	16.8
115	18.0
116	17.5
117	15.8
118	16.8
119	17.9
120	19.6
121	14.5
122	14.6
123	14.8
124	16.2
125	18.1
126	20.1
127	15.5
128	17.3
129	19.5
130	22.4
131	18.9
132	19.9
133	19.2
134	22.8
135	20.7
136	20.5
137	18.0
138	19.9
139	20.1
140	19.1
141	23.2
142	22.3
143	22.5
144	22.2
145	18.2
146	21.7
147	22.3
148	22.2
149	22.0
150	21.4
151	22.6
152	20.3
153	18.3
154	20.0
155	23.2
156	22.8
157	22.6
158	22.2
159	22.3
160	23.6
161	23.6
162	21.4
163	21.1
164	21.4
165	23.5
166	26.0
167	22.9
168	24.6
169	26.9
170	26.7
171	22.3
172	21.8
173	22.8
174	23.4
175	23.3
176	24.1
177	21.8
178	23.0
179	22.4
180	24.0
181	24.2
182	23.8
183	24.3
184	24.1
185	25.2
186	26.8
187	29.2
188	29.5
189	29.4
190	30.1
191	30.2
192	30.3
193	30.9
194	30.7
195	29.3
196	28.5
197	25.3
198	24.6
199	27.7
200	25.4
201	23.9
202	24.8
203	26.5
204	28.0
205	25.4
206	26.7
207	28.4
208	27.6
209	27.3
210	26.3
211	27.8
212	27.4
213	27.5
214	25.6
215	26.7
216	27.8
217	29.1
218	28.7
219	30.0
220	30.3
221	31.0
222	33.2
223	32.9
224	31.3
225	30.0
226	30.2
227	30.0
228	29.7
229	29.6
230	29.6
231	30.3
232	30.5
233	29.1
234	28.5
235	28.2
236	29.0
237	25.5
238	26.7
239	25.4
240	27.8
241	28.3
242	31.4
243	30.8
244	30.4
245	29.0
246	29.6
247	27.9
248	27.5
249	26.0
250	25.9
251	25.2
252	24.6
253	24.8
254	24.7
255	27.6
256	28.2
257	28.6
258	26.7
259	26.5
260	23.5
261	23.7
262	23.9
263	24.9
264	25.6
265	25.3
266	22.0
267	22.7
268	23.3
269	22.1
270	19.8
271	20.3
272	22.2
273	22.2
274	22.3
275	23.4
276	24.5
277	18.3
278	17.8
279	21.4
280	23.6
281	25.4
282	26.1
283	25.0
284	25.7
285	26.1
286	21.6
287	20.8
288	18.2
289	20.1
290	18.0
291	17.2
292	16.2
293	15.2
294	18.4
295	18.6
296	17.5
297	16.0
298	18.0
299	15.4
300	16.6
301	16.1
302	14.7
303	18.0
304	17.8
305	17.2
306	15.4
307	17.4
308	16.6
309	16.0
310	16.0
311	15.0
312	16.5
313	13.3
314	16.6
315	12.5
316	9.6
317	9.8
318	10.8
319	11.3
320	12.9
321	14.1
322	14.4
323	12.7
324	12.2
325	12.0
326	12.4
327	12.6
328	12.6
329	14.5
330	15.1
331	12.9
332	14.0
333	9.8
334	10.2
335	10.4
336	10.8
337	11.7
338	11.5
339	11.6
340	12.5
341	11.1
342	8.8
343	8.2
344	9.5
345	10.1
346	9.9
347	9.7
348	7.6
349	7.2
350	8.2
351	9.2
352	6.6
353	6.3
354	6.1
355	6.8
356	7.6
357	6.4
358	7.6
359	6.7
360	6.3
361	7.0
362	5.4
363	4.9
364	5.4
365	6.9
