1	6.1726208386151695
2	8.870776986952503
3	4.271917040489131
4	1.732955189247778
5	-2.2200932993171216
6	1.7462584624074173
7	4.867807797950937
8	7.116455063758216
9	7.8456564890998655
10	5.201457788605334
11	4.476296887996432
12	2.5684158204026692
13	7.29163004896852
14	-1.6031491821648602
15	4.194980364284862
16	0.49593241476188066
17	3.559916928096892
18	2.7818223051443125
19	5.009545703670855
20	5.906576678666261
21	6.457036977192021
22	6.6790430770803
23	6.423757865919593
24	7.634311222082647
25	6.594856619947307
26	2.1083109022300475
27	3.7154334943365894
28	5.2766344578028805
29	6.421936921243669
30	7.18535341608927
31	5.6451757224415315
32	8.680353844533261
33	16.538433147121626
34	8.892458934324882
35	9.899802711378328
36	8.154071065776492
37	-0.7261998604842121
38	8.942545446031087
39	1.7040613632189503
40	3.6275459330935282
41	5.78385095428571
42	5.143088164517056
43	0.8438862610299784
44	7.974459172098867
45	6.878150379131369
46	5.406295349528508
47	4.949874842027369
48	3.300590211988772
49	4.216365406694449
50	3.5449011123100886
51	4.4915041876474
52	4.707770649048906
53	5.392447556113502
54	6.054740740674126
55	5.649914665692605
56	5.126948006561842
57	6.110559740799185
58	6.402363546550364
59	11.64802393612064
60	13.95868239804253
61	8.135524716708836
62	5.653602260908385
63	6.634371021712769
64	9.903440065505443
65	9.54528162864328
66	13.501081360233218
67	16.064709121103753
68	15.748075644647432
69	12.966326791592362
70	7.441264410650521
71	11.02283749291405
72	17.860497497900287
73	8.71881818599265
74	10.742222048283633
75	12.85025158062217
76	12.72616660010355
77	18.667131329017206
78	20.8785419768915
79	18.089773148842546
80	11.310092248221729
81	13.426724290668542
82	14.055218985507334
83	11.725902916470904
84	10.302151533031871
85	9.181950165660655
86	9.107101064678378
87	17.11320403380059
88	17.351291538908576
89	9.186875855641595
90	8.597203998889682
91	12.985105199576779
92	12.400581353428745
93	14.297347491464425
94	18.09486723341541
95	19.739009559007098
96	18.59245055850242
97	18.698400238784096
98	13.433167870634442
99	16.026399448437488
100	13.570451586306227
101	11.540994612363193
102	12.48183133800374
103	13.72327287110867
104	16.476718532853717
105	17.880819038835238
106	17.275845707048823
107	19.931929785494077
108	21.30617418289649
109	12.535705555295173
110	8.262884520751726
111	8.470389337310646
112	11.898111825094972
113	14.155894580812419
114	17.174999194252656
115	17.75193103932443
116	19.00049427393496
117	15.088425292597599
118	15.25831910987516
119	16.72695578574013
120	18.932571176035662
121	15.449044588839008
122	13.771946776382652
123	15.04271907200096
124	17.34738497842703
125	18.384495879359346
126	20.31175433148457
127	14.845572305665122
128	15.73330302146542
129	19.245863488901822
130	21.80726354796017
131	19.90069209668121
132	22.16293271098765
133	20.815114887068553
134	23.924712844918904
135	22.66176289570384
136	21.56842126949502
137	19.815686527354814
138	21.035024725628265
139	21.28778207231272
140	21.317881703924535
141	24.35818099910764
142	24.11918393586118
143	22.10061057708457
144	21.628422251387178
145	19.53879754827014
146	22.81848987437156
147	23.00416869864155
148	22.602771643640178
149	22.451893142805194
150	22.90001372525492
151	22.92170654915628
152	20.725921340228354
153	19.969922052629848
154	21.18468301289095
155	24.00315527795592
156	24.46032287567178
157	22.827647661576226
158	22.491966265129545
159	23.08634414272874
160	24.488275199195023
161	23.061532638759672
162	18.66176596969838
163	22.963793284496163
164	23.476670303219123
165	25.43633753250051
166	27.617452067272886
167	24.686191324282923
168	26.377450193101048
169	27.622435531678867
170	26.461104047631267
171	23.745956688934935
172	23.405674877577155
173	24.407999822395972
174	25.084425057658713
175	24.52712460656005
176	24.758547040214665
177	23.213326275630607
178	24.07426412196944
179	23.7972246336743
180	25.18852950555337
181	25.38639590822782
182	24.320121896195865
183	25.033231170587108
184	24.706047011508723
185	26.39945166030835
186	27.79279414215626
187	29.92137114546184
188	30.59391672744563
189	30.194949901670675
190	30.56115974528521
191	30.510696218439087
192	30.61289700179652
193	30.541203901455894
194	29.73466396487825
195	29.485731642783755
196	28.196741752500508
197	25.51509421394757
198	25.669743623494064
199	28.58348920211335
200	25.95068931206277
201	24.154382288863705
202	25.007282606623754
203	28.082912531984626
204	28.901774071048372
205	26.449014286235077
206	27.160961321295012
207	29.3903029058309
208	28.706392915337247
209	28.062316577172325
210	27.203996650082665
211	28.65396328791143
212	27.98521697300378
213	28.623339183705603
214	26.512572379191603
215	27.011595991651355
216	28.421430852014332
217	29.82990285136775
218	29.763772104920626
219	29.706635682378142
220	30.062873587251758
221	31.78688995420338
222	32.5213456620742
223	31.210270043191393
224	30.734465414195746
225	29.698899722037304
226	29.24557309108922
227	30.0127247159825
228	30.14225596251881
229	29.521171268130566
230	29.54296770692644
231	30.2500090828184
232	29.99006154271114
233	28.356255218787048
234	29.1386410327447
235	28.928097765879762
236	28.537193698717545
237	25.507317430148028
238	26.173474378453562
239	26.2914377699526
240	26.853689366964566
241	27.85560275661097
242	30.39900473074767
243	30.171517595566073
244	30.392144239580254
245	29.020667050703274
246	29.67606327792518
247	29.140664917412884
248	28.66882576787431
249	26.24243730048061
250	26.317910002018216
251	26.593060374810612
252	25.09982478353755
253	25.065362949984603
254	25.30508566823147
255	27.66343785825712
256	28.85063509549719
257	28.877485545434823
258	27.996569177617985
259	25.56958719804699
260	20.880800265525124
261	22.50783658883311
262	22.393582980313447
263	25.066392178087106
264	25.8772411990458
265	25.53193051304546
266	21.541727515595387
267	23.738385415969052
268	25.328178293584678
269	22.126680568331633
270	18.798207149452644
271	20.20479655639063
272	21.64265642293969
273	22.484501092113565
274	23.24206430224501
275	24.991764028620644
276	25.197718366745555
277	18.640021375305476
278	19.759432043151524
279	23.53517742186383
280	24.797590173308556
281	26.435927656883642
282	26.61632904081896
283	25.40273907467293
284	26.34609886305764
285	24.486586122867642
286	18.46284751081898
287	20.081077595528395
288	19.46583933694735
289	19.486859260129293
290	16.91171750830041
291	16.972413397883233
292	16.65012048018497
293	16.995889102827395
294	19.80838504503081
295	18.94747029459038
296	17.83082092798553
297	17.20957411122963
298	20.232378736272988
299	16.71460259824176
300	16.365220250179597
301	16.100693467728473
302	15.468196104147783
303	18.83219601673881
304	17.26842265084509
305	16.899882553635745
306	15.960538164252249
307	18.292444407090944
308	17.263638523002545
309	15.356560588114313
310	16.020050472575676
311	15.99876956586613
312	15.65879535883709
313	13.089732312196496
314	16.988051070210158
315	12.058172852097226
316	8.458601036590789
317	9.472839588869984
318	10.598424758009017
319	11.197479436447313
320	13.572233278215343
321	14.53521824493334
322	14.013679627375911
323	10.768312345787685
324	10.716899697125484
325	11.230061560862943
326	12.016920393307085
327	12.138715218137449
328	12.168301541209825
329	14.158981853022404
330	14.254584373640885
331	11.48472952665541
332	11.836586969650266
333	8.189793715707165
334	9.49731968837968
335	10.793511485557627
336	11.094083155269015
337	11.436507475777276
338	12.416027665674555
339	11.845732086895062
340	12.01619353691694
341	10.193345852118977
342	7.60282009064026
343	6.831768593643722
344	8.795440317611472
345	8.830537770982502
346	8.074952925289928
347	8.773080218608282
348	6.844504358663509
349	6.582730551651504
350	6.503690129611161
351	7.819244551179152
352	6.151147490454544
353	7.52976060564028
354	7.168087890107265
355	7.707095267652011
356	6.995385008938256
357	4.954519804508858
358	6.439062789860272
359	6.288268771129366
360	5.790138319869373
361	6.70430681902421
362	4.211352877692035
363	3.1297945771026496
364	5.298441734379501
365	7.1273682051234735
