1	6.0
2	4.6
3	5.0
4	5.6
5	9.6
6	5.4
7	6.4
8	10.0
9	11.0
10	8.6
11	6.9
12	7.0
13	6.0
14	3.7
15	3.7
16	4.4
17	3.7
18	5.3
19	4.8
20	5.3
21	7.4
22	6.2
23	10.0
24	8.5
25	5.8
26	6.7
27	6.4
28	5.4
29	6.8
30	4.8
31	3.8
32	4.5
33	6.1
34	6.4
35	4.6
36	2.5
37	5.5
38	5.6
39	7.5
40	8.0
41	5.8
42	5.7
43	7.2
44	8.8
45	7.2
46	6.8
47	6.7
48	5.7
49	6.8
50	7.5
51	7.4
52	6.6
53	7.1
54	7.6
55	8.3
56	5.8
57	3.9
58	7.9
59	7.4
60	6.3
61	7.6
62	6.4
63	3.3
64	5.7
65	7.2
66	8.2
67	10.1
68	9.8
69	6.1
70	10.0
71	8.5
72	7.4
73	9.0
74	9.4
75	11.0
76	15.3
77	6.6
78	7.0
79	9.6
80	11.8
81	13.9
82	11.4
83	12.2
84	7.2
85	3.4
86	8.9
87	8.9
88	8.6
89	9.6
90	15.6
91	13.5
92	10.0
93	9.1
94	10.7
95	13.2
96	14.5
97	14.7
98	13.9
99	15.2
100	14.2
101	11.2
102	12.4
103	13.9
104	12.6
105	14.2
106	13.4
107	17.5
108	15.6
109	17.4
110	14.3
111	15.8
112	17.5
113	21.5
114	17.7
115	15.3
116	17.6
117	19.2
118	18.9
119	17.9
120	18.0
121	16.4
122	19.4
123	19.7
124	18.1
125	14.3
126	17.7
127	17.7
128	16.9
129	19.7
130	20.7
131	18.8
132	18.4
133	17.4
134	19.0
135	17.9
136	18.3
137	17.0
138	19.7
139	20.2
140	20.5
141	20.0
142	20.3
143	19.5
144	20.5
145	22.3
146	21.4
147	21.3
148	20.4
149	17.5
150	20.9
151	21.6
152	20.4
153	20.3
154	21.1
155	19.9
156	21.5
157	19.0
158	18.2
159	18.5
160	18.2
161	19.2
162	18.7
163	17.9
164	17.5
165	18.2
166	21.4
167	19.9
168	22.7
169	22.9
170	21.5
171	22.4
172	21.2
173	17.3
174	16.5
175	20.9
176	22.3
177	20.9
178	23.2
179	23.2
180	22.7
181	24.2
182	23.7
183	25.3
184	25.6
185	23.4
186	21.8
187	21.5
188	24.1
189	22.9
190	23.7
191	26.9
192	28.1
193	26.0
194	27.7
195	27.0
196	26.6
197	25.5
198	26.1
199	22.4
200	24.6
201	25.5
202	25.9
203	26.2
204	28.9
205	29.5
206	30.8
207	30.6
208	30.0
209	30.4
210	29.3
211	29.7
212	29.9
213	30.6
214	29.4
215	30.1
216	30.7
217	29.3
218	28.7
219	28.9
220	31.0
221	30.7
222	29.3
223	29.1
224	27.3
225	28.0
226	29.0
227	29.0
228	29.1
229	28.6
230	28.9
231	31.0
232	30.7
233	30.1
234	27.9
235	28.0
236	30.1
237	30.7
238	31.0
239	31.1
240	31.4
241	26.9
242	27.5
243	27.4
244	28.6
245	26.8
246	28.4
247	27.1
248	25.7
249	26.0
250	28.0
251	24.5
252	24.3
253	25.7
254	28.9
255	24.7
256	24.4
257	24.3
258	21.3
259	19.0
260	17.2
261	20.4
262	20.0
263	19.8
264	20.0
265	20.2
266	21.6
267	22.7
268	25.8
269	22.5
270	23.8
271	24.0
272	22.8
273	23.0
274	23.1
275	21.9
276	24.3
277	24.1
278	23.0
279	19.9
280	17.7
281	14.8
282	17.8
283	17.8
284	17.9
285	18.6
286	20.5
287	20.2
288	20.2
289	21.1
290	23.0
291	21.4
292	21.0
293	19.8
294	18.3
295	16.9
296	17.9
297	17.7
298	18.9
299	19.2
300	18.2
301	15.4
302	15.6
303	18.6
304	20.5
305	19.0
306	14.2
307	14.3
308	15.6
309	14.9
310	15.1
311	16.3
312	15.6
313	12.1
314	13.3
315	13.5
316	12.6
317	13.5
318	15.4
319	11.2
320	9.2
321	12.9
322	14.1
323	12.8
324	11.8
325	11.0
326	9.6
327	12.0
328	11.4
329	10.2
330	9.4
331	9.2
332	10.0
333	10.6
334	10.5
335	9.3
336	9.9
337	10.7
338	10.9
339	9.5
340	9.0
341	8.9
342	7.6
343	6.6
344	6.5
345	8.8
346	9.8
347	9.6
348	9.7
349	9.9
350	7.1
351	6.6
352	7.7
353	6.8
354	7.1
355	7.3
356	8.8
357	9.0
358	9.2
359	3.8
360	2.3
361	3.5
362	4.6
363	4.6
364	6.7
365	6.5
