1	4.27738250473807
2	5.462816455191237
3	5.674159944466829
4	5.228769660945736
5	5.050349767944712
6	6.352628055594713
7	7.6759555222917255
8	-0.3432399796285184
9	1.3874983064127546
10	2.1083148751988423
11	4.8105932945449
12	5.2402106331781
13	5.72428670853954
14	5.876508434938805
15	3.8770745180200015
16	7.010592210909052
17	4.91388119529002
18	5.815582470504125
19	5.441752685576033
20	10.27137300958639
21	5.471862965446635
22	5.629047472957949
23	6.275349574220889
24	0.1648808237598116
25	6.905540111328231
26	9.87908594751087
27	7.55630765242564
28	9.685994721830543
29	6.019786541177136
30	3.6983898696506783
31	5.87441267703966
32	6.3546843517382525
33	6.67221315218612
34	0.25132267619020165
35	2.7156385548650155
36	4.168437510700016
37	5.154168484321555
38	6.266244675105901
39	8.055398449405267
40	8.0133641246819
41	6.194585297073913
42	-0.5779289243411023
43	6.692491287422352
44	3.58623352068951
45	4.254325054462263
46	5.347225231106701
47	8.098402345082931
48	9.965923478898208
49	11.24499656531981
50	6.032572908687224
51	6.316701436773676
52	4.9519172583175495
53	5.867875568623311
54	8.120286908673076
55	0.2895140256725304
56	9.761739558675117
57	8.158606957586628
58	9.765285634414735
59	6.380060737161393
60	8.0221536059668
61	10.71974968143138
62	9.950740887496472
63	11.486246454267263
64	13.911081475932622
65	11.037782305423985
66	7.224981465812635
67	8.716003571226999
68	0.16118015412965203
69	6.232688793825889
70	6.733777085028517
71	6.722833745610834
72	6.4997397147553775
73	14.208315269085112
74	17.150986533424987
75	14.608021885537184
76	14.707988635664258
77	17.843594689286398
78	17.96448888746901
79	7.57660847473658
80	1.8954500907368645
81	7.218246079891855
82	8.27146304099611
83	12.775404710707868
84	13.982338674020106
85	16.215075300769662
86	13.90032975769688
87	8.452917559341266
88	6.942144552039404
89	6.387974093151477
90	9.799979755437423
91	15.366615868764985
92	18.50418681447033
93	11.106867689964186
94	12.828480683997544
95	14.248686321297928
96	12.504794496529485
97	11.308892485638673
98	9.692447541811614
99	11.576864864632672
100	13.19418540966738
101	16.988507345661525
102	18.25549409998825
103	19.95306125383992
104	17.075880645492234
105	15.170350415260202
106	15.869290186689433
107	16.60151650641847
108	16.109168253078643
109	15.660631059845901
110	20.191271379191626
111	17.765470441616117
112	19.226452964550713
113	17.4481072409119
114	16.748336654461383
115	19.03620001651571
116	19.54565740391499
117	20.96756886004372
118	20.535456090012293
119	13.73569670168779
120	14.075678492079444
121	16.72604627538729
122	18.369879537059596
123	19.05428753591629
124	18.933067651918567
125	20.44617659573084
126	18.844722153736587
127	20.290100061186422
128	20.922573357015064
129	21.732019829334682
130	21.174424213385823
131	18.473779068155437
132	20.824199508185618
133	21.98657357143172
134	20.884039825344626
135	18.505587736542303
136	17.334991131153405
137	19.353539083260518
138	18.99073674293416
139	20.062439821274022
140	23.08892046800702
141	21.164670935906376
142	20.42092889875537
143	22.665306921053865
144	20.58905151114429
145	23.70524432057739
146	20.548241588428148
147	23.548971722890812
148	21.249637842629035
149	19.675270370037627
150	20.99655485709846
151	21.456850330526677
152	22.27573890916264
153	23.339324487967335
154	23.14964751143425
155	23.00036268720112
156	24.112721099228843
157	25.61046030781433
158	23.172739121158205
159	23.507143958602416
160	21.748101871479083
161	22.781449737772814
162	23.078443503964063
163	24.057797329813
164	24.756266670528568
165	25.422597657238093
166	26.533141003987744
167	27.630000963442562
168	25.415170121494477
169	18.636135318813086
170	19.016561749945126
171	20.212088975632273
172	23.58813519341781
173	23.157801923566282
174	24.318327522299775
175	26.513963380972292
176	23.802366107032096
177	24.58255420881361
178	25.259269566968833
179	22.854021747506657
180	22.03584642373569
181	24.413466517928136
182	25.05849779178819
183	26.119836700537554
184	26.362813887003867
185	27.736509808053597
186	22.738544504242878
187	21.90681320974086
188	22.57378773708855
189	22.702358342712767
190	21.07894880751244
191	23.853220810892875
192	24.967955039651038
193	26.477643662193863
194	25.38542588945696
195	28.110437442338316
196	28.414084123429305
197	29.142011417222143
198	27.856524204965005
199	27.38082732696828
200	25.613889021128735
201	26.812011629738777
202	28.824155048006695
203	28.95700609000574
204	29.76981234214086
205	29.661692283944895
206	29.599401917406446
207	29.548595304982143
208	29.922498084313297
209	29.457075855950812
210	30.062996488491265
211	29.549202119896414
212	29.193450192078693
213	29.421124466513724
214	29.41050425193388
215	30.068638035113914
216	29.365171800122674
217	30.132233797985116
218	29.536379655907133
219	29.82859069166708
220	30.07763709745324
221	29.22358790004541
222	27.731250931304196
223	29.514939072052805
224	29.589339539088904
225	28.445973093849723
226	27.981444902182737
227	29.949471952185093
228	29.67985114640242
229	29.912586757104812
230	30.159276901963203
231	30.024797690703068
232	29.025681277530957
233	28.69812498435447
234	29.369785496326706
235	29.40584724123518
236	28.48284982756377
237	26.969863433014396
238	27.66973753539498
239	28.10254055313147
240	27.637915358984166
241	29.060889241469766
242	27.920122706150096
243	29.221738362033236
244	28.963926816805845
245	25.80044713473017
246	25.482999365844755
247	25.232980930026564
248	26.023462468024057
249	25.7313555405892
250	27.167327639924807
251	28.81872014196953
252	27.50036413052476
253	27.963117772608904
254	28.01535807922214
255	28.97673992726579
256	28.07465315435251
257	29.415011256746816
258	27.806477425056563
259	23.761904785457073
260	23.791588968788144
261	24.5209265192809
262	26.506849652936396
263	28.44416947415791
264	25.246752986250932
265	21.356325505486492
266	23.591626125148796
267	26.090466271036533
268	28.4629951465499
269	23.782768390097043
270	23.704906471912295
271	24.84191335429734
272	22.34327383313477
273	25.794794193063687
274	23.477339195999665
275	25.316178996387258
276	21.838102058095302
277	18.733429096348004
278	17.747843656891398
279	21.01873123966751
280	23.049823180503694
281	21.909071684377086
282	18.826390506820957
283	18.649335804037865
284	21.255395869194196
285	23.41141688388968
286	24.1435516724385
287	23.512997495946486
288	18.0661471903762
289	19.603024569210163
290	15.888920869853173
291	15.796207269364718
292	14.150523230999422
293	15.715730359264523
294	18.258657891199046
295	16.912108452642887
296	17.30549905641096
297	14.245296816141803
298	15.197620575426793
299	16.799931382693888
300	17.350151928974988
301	19.683923394435958
302	19.55849164920641
303	19.294153831937813
304	17.135172713704673
305	19.659397111916388
306	15.126734009019554
307	14.856899753883738
308	14.27607194517843
309	14.659338089402098
310	15.57803667088227
311	15.48158666839517
312	17.22165683785687
313	16.12413383074007
314	12.901967388014835
315	14.190386884353064
316	14.486666700359265
317	16.473149698576737
318	15.040848133955073
319	15.629307241870698
320	12.736504783734862
321	9.929679693377448
322	12.272831998573146
323	13.454146453888153
324	13.327836676933362
325	13.508531252282253
326	14.128663571944553
327	12.801553260857542
328	13.019894138663531
329	16.738029271834087
330	13.678300552955207
331	10.520848323714244
332	10.761044278860727
333	9.262639635152468
334	9.940784133455303
335	9.926881347357355
336	10.12582957359108
337	8.15341889891933
338	7.711946566693668
339	9.893764125092709
340	11.69795192475085
341	7.851499554872919
342	8.392407317176726
343	11.028443705070593
344	10.190761681994339
345	9.880918217425442
346	6.930771210399128
347	8.158377487507828
348	6.726017402809712
349	7.581748489010937
350	8.131554381838008
351	10.662269750262652
352	7.556234249691413
353	6.601441423787171
354	5.142393623402
355	4.943789383559369
356	5.188372874055282
357	5.407338465874068
358	6.653974872410919
359	7.062661732390263
360	6.387387321645067
361	6.489859537659767
362	6.682379655450883
363	8.890827857112686
364	9.626619743219557
365	8.830950884590806
