1	5.2
2	6.1
3	6.6
4	6.5
5	5.3
6	7.1
7	8.2
8	3.8
9	3.6
10	4.1
11	5.8
12	6.7
13	7.0
14	6.6
15	5.7
16	7.0
17	5.9
18	6.5
19	6.6
20	10.1
21	6.4
22	7.4
23	9.0
24	5.9
25	6.1
26	9.5
27	8.4
28	10.5
29	7.1
30	4.4
31	6.2
32	8.1
33	7.7
34	3.6
35	2.9
36	4.7
37	5.8
38	6.4
39	9.1
40	8.3
41	7.4
42	3.9
43	6.0
44	3.0
45	4.1
46	5.7
47	8.2
48	10.1
49	12.3
50	6.4
51	5.7
52	4.8
53	6.1
54	8.5
55	5.0
56	9.1
57	8.5
58	9.8
59	7.0
60	8.4
61	11.3
62	9.8
63	12.1
64	13.9
65	12.8
66	7.5
67	8.1
68	4.8
69	5.5
70	6.4
71	6.9
72	7.2
73	12.8
74	15.7
75	12.5
76	14.2
77	17.2
78	16.4
79	6.4
80	4.9
81	6.3
82	7.9
83	12.1
84	12.4
85	14.9
86	12.3
87	8.6
88	7.3
89	6.9
90	8.1
91	13.2
92	17.8
93	10.5
94	12.0
95	14.2
96	11.4
97	10.8
98	9.1
99	11.5
100	12.7
101	15.0
102	16.3
103	18.8
104	16.7
105	15.6
106	15.3
107	16.5
108	15.6
109	13.6
110	18.2
111	16.8
112	17.5
113	16.3
114	14.7
115	16.9
116	18.2
117	19.1
118	18.9
119	12.8
120	13.7
121	16.4
122	18.3
123	18.0
124	17.5
125	20.6
126	18.4
127	20.7
128	21.1
129	20.4
130	20.6
131	17.5
132	19.8
133	21.2
134	20.1
135	17.8
136	16.1
137	18.1
138	18.9
139	18.4
140	22.4
141	22.5
142	21.6
143	23.0
144	18.9
145	23.5
146	20.7
147	22.6
148	21.5
149	19.6
150	21.0
151	21.2
152	22.2
153	23.2
154	24.2
155	23.5
156	24.3
157	24.5
158	21.7
159	24.2
160	22.1
161	22.2
162	23.3
163	23.4
164	24.0
165	24.6
166	25.3
167	27.6
168	25.0
169	16.8
170	17.2
171	18.3
172	22.1
173	22.1
174	23.0
175	25.7
176	22.4
177	22.9
178	23.5
179	22.3
180	20.9
181	22.7
182	23.9
183	25.1
184	24.5
185	26.2
186	21.7
187	20.9
188	21.5
189	21.3
190	20.5
191	22.1
192	22.6
193	24.9
194	23.3
195	26.3
196	27.0
197	28.0
198	27.2
199	26.4
200	25.2
201	25.8
202	27.5
203	27.5
204	29.1
205	29.8
206	29.7
207	29.4
208	28.9
209	28.8
210	29.8
211	29.8
212	29.4
213	29.2
214	29.0
215	29.5
216	29.3
217	28.8
218	28.6
219	28.8
220	29.5
221	29.1
222	26.3
223	29.1
224	29.4
225	27.9
226	26.3
227	28.2
228	28.6
229	29.8
230	29.7
231	29.4
232	28.7
233	28.5
234	28.9
235	30.1
236	28.0
237	27.2
238	27.3
239	27.7
240	26.8
241	27.7
242	27.0
243	29.5
244	30.2
245	26.7
246	26.2
247	25.6
248	25.8
249	26.5
250	27.3
251	28.7
252	28.7
253	28.1
254	28.0
255	29.3
256	28.2
257	29.6
258	27.8
259	23.8
260	22.3
261	23.8
262	25.9
263	28.0
264	24.1
265	19.5
266	22.6
267	25.5
268	29.3
269	26.6
270	24.4
271	25.2
272	22.4
273	25.9
274	23.9
275	25.2
276	23.6
277	20.2
278	19.0
279	21.0
280	22.7
281	22.2
282	19.4
283	19.2
284	21.2
285	24.2
286	24.2
287	23.1
288	17.2
289	18.8
290	16.7
291	15.8
292	14.4
293	14.3
294	18.5
295	17.2
296	18.5
297	15.5
298	15.5
299	16.6
300	16.3
301	21.1
302	21.1
303	19.5
304	17.2
305	19.1
306	16.1
307	14.5
308	14.3
309	15.5
310	15.8
311	15.5
312	16.7
313	16.4
314	13.8
315	14.1
316	14.0
317	16.9
318	15.2
319	14.6
320	13.8
321	11.5
322	12.0
323	13.6
324	13.3
325	13.5
326	14.4
327	13.3
328	12.5
329	15.3
330	14.5
331	10.9
332	11.6
333	11.1
334	10.7
335	10.8
336	9.9
337	9.3
338	8.6
339	10.5
340	11.2
341	9.6
342	10.3
343	11.9
344	11.5
345	11.0
346	9.1
347	8.8
348	8.2
349	8.3
350	7.8
351	11.2
352	8.2
353	7.2
354	6.9
355	6.9
356	6.5
357	6.6
358	7.6
359	8.5
360	7.6
361	7.8
362	7.5
363	9.9
364	9.8
365	8.9
