1	5.8
2	8.3
3	8.6
4	7.5
5	7.1
6	6.1
7	8.7
8	7.1
9	7.0
10	7.4
11	7.4
12	6.7
13	6.9
14	6.5
15	7.9
16	8.0
17	7.0
18	8.1
19	7.5
20	5.0
21	6.7
22	7.4
23	8.2
24	7.6
25	7.9
26	8.4
27	10.1
28	8.9
29	7.7
30	9.0
31	10.3
32	8.5
33	6.3
34	7.3
35	7.4
36	8.5
37	11.2
38	10.2
39	9.8
40	10.3
41	10.8
42	8.8
43	8.4
44	8.9
45	10.0
46	9.9
47	8.2
48	6.9
49	6.8
50	9.3
51	7.0
52	9.8
53	10.9
54	11.1
55	6.6
56	3.7
57	6.1
58	9.4
59	10.0
60	9.0
61	9.5
62	11.8
63	14.3
64	17.1
65	12.8
66	7.7
67	7.9
68	7.6
69	9.9
70	9.2
71	7.6
72	7.8
73	7.6
74	8.8
75	7.9
76	6.7
77	6.3
78	7.6
79	8.3
80	8.9
81	11.7
82	12.4
83	13.4
84	15.6
85	14.9
86	13.6
87	15.3
88	18.1
89	13.2
90	13.1
91	17.7
92	14.3
93	8.8
94	7.3
95	9.8
96	11.1
97	13.2
98	13.6
99	12.0
100	13.8
101	12.1
102	13.3
103	16.7
104	19.0
105	15.2
106	10.6
107	9.1
108	8.8
109	9.9
110	14.0
111	19.2
112	20.0
113	15.0
114	13.1
115	13.2
116	16.4
117	14.2
118	15.2
119	16.4
120	19.2
121	17.2
122	19.1
123	19.5
124	21.5
125	22.2
126	18.0
127	19.5
128	20.1
129	23.1
130	20.3
131	18.5
132	19.0
133	20.7
134	18.9
135	18.4
136	19.1
137	17.8
138	21.2
139	19.2
140	18.9
141	18.1
142	20.8
143	22.4
144	22.4
145	19.1
146	23.1
147	23.2
148	16.3
149	18.0
150	18.7
151	18.8
152	18.4
153	20.9
154	21.7
155	21.5
156	21.8
157	22.2
158	22.4
159	22.4
160	22.2
161	19.8
162	20.9
163	23.5
164	23.6
165	21.8
166	24.0
167	24.8
168	22.1
169	23.8
170	26.1
171	25.5
172	26.4
173	23.9
174	25.4
175	22.9
176	21.0
177	22.8
178	26.4
179	26.5
180	27.1
181	25.4
182	23.3
183	24.0
184	24.3
185	21.5
186	24.7
187	25.8
188	23.9
189	22.9
190	23.7
191	23.3
192	24.7
193	24.8
194	24.9
195	22.0
196	23.8
197	24.8
198	19.8
199	20.5
200	22.2
201	24.5
202	25.2
203	25.0
204	25.2
205	26.6
206	26.2
207	27.8
208	28.8
209	28.7
210	27.1
211	22.4
212	23.6
213	27.4
214	28.7
215	28.8
216	30.2
217	29.5
218	29.0
219	29.4
220	29.7
221	30.1
222	31.1
223	31.3
224	29.4
225	29.3
226	30.1
227	31.5
228	32.7
229	31.7
230	25.5
231	28.3
232	30.5
233	30.2
234	31.7
235	26.5
236	27.5
237	28.2
238	29.2
239	29.3
240	28.6
241	24.9
242	24.5
243	24.6
244	22.4
245	23.5
246	25.4
247	27.2
248	27.2
249	27.3
250	27.1
251	28.4
252	27.5
253	26.3
254	24.8
255	22.1
256	23.9
257	25.8
258	27.5
259	28.3
260	29.0
261	25.1
262	24.4
263	27.3
264	27.4
265	27.6
266	23.7
267	22.4
268	24.9
269	23.2
270	23.6
271	26.7
272	18.4
273	16.8
274	18.1
275	19.8
276	21.0
277	22.1
278	22.5
279	20.8
280	19.9
281	21.1
282	19.2
283	19.9
284	20.8
285	22.1
286	19.5
287	18.3
288	18.6
289	16.2
290	17.9
291	17.7
292	17.4
293	17.5
294	17.2
295	17.6
296	18.9
297	16.8
298	17.8
299	17.4
300	16.8
301	18.6
302	21.3
303	18.8
304	17.3
305	17.5
306	16.5
307	15.5
308	15.9
309	16.4
310	16.0
311	16.3
312	15.9
313	16.2
314	13.2
315	14.0
316	15.1
317	16.7
318	16.2
319	16.5
320	12.2
321	10.1
322	11.8
323	9.7
324	10.8
325	10.7
326	8.2
327	9.2
328	9.2
329	12.0
330	12.2
331	13.0
332	11.6
333	9.7
334	9.9
335	11.4
336	11.6
337	10.5
338	9.5
339	8.6
340	9.9
341	11.1
342	10.6
343	10.1
344	9.9
345	10.0
346	10.9
347	9.2
348	9.8
349	8.5
350	6.9
351	7.5
352	8.0
353	7.5
354	8.1
355	9.4
356	7.1
357	8.3
358	9.7
359	8.0
360	6.5
361	7.0
362	8.0
363	10.6
364	9.5
365	6.5
