1	-2.224082803046402
2	-2.209199561926294
3	-2.2549967404228974
4	-2.5746859331266867
5	-2.077801803049268
6	-2.6297785333311845
7	-2.366049717379677
8	-4.065288562201959
9	-3.1348446174331763
10	-2.1568349750847906
11	-2.6555755400934427
12	-2.128706309763773
13	-2.4731563348017653
14	-1.905382149343235
15	-1.3474343824401807
16	-2.3593921443831185
17	-5.994676112895855
18	-4.895299339987228
19	-4.816352900297155
20	-3.7287255838122335
21	-0.11217899280460752
22	-3.6188068925672665
23	-2.58670117671784
24	-2.504456998866317
25	-1.951842383852159
26	-3.156236174071793
27	-1.5756251407560269
28	-0.7389045036687927
29	-3.3527859753881817
30	-3.2435005433064967
31	-1.6503477042139032
32	-3.1132228139829294
33	-1.3377366825863228
34	-0.9437187937525198
35	-1.5175987879531965
36	-0.8872647793918285
37	-0.7606374909047782
38	-0.8850103822361186
39	-1.9125564520042708
40	-0.8186796045672642
41	0.21355085391315898
42	0.44751456978478377
43	-1.0426376881503288
44	-3.7764712048360733
45	-1.492553596311339
46	-1.6297657063873565
47	-5.305909521908619
48	-4.472697113219903
49	-2.7660882911378994
50	-1.5621073862220953
51	0.4280249525921356
52	0.1791033110049316
53	0.16205807599659794
54	0.20667159414258407
55	1.3549250722537645
56	-2.0644674043669484
57	0.5233091508181795
58	0.6141746528666889
59	-0.3990519181512262
60	-0.3823872870586449
61	0.5723900467509395
62	-0.44146729742463364
63	0.04389093373780106
64	0.420911006705591
65	2.6291124245021757
66	0.42469187806082775
67	0.6973954570205647
68	1.2104579631469345
69	0.9601229084440988
70	0.07680438392872535
71	-0.08103768570960668
72	0.5094139662790216
73	-0.17528882418486624
74	0.6806558854785525
75	0.9174929020447316
76	-0.6304002220798388
77	1.0986018492671619
78	-1.8247959268477647
79	-1.0375400043613414
80	-0.14546537087340194
81	1.4226684580993236
82	1.402030536740563
83	-0.7990024768212205
84	1.3110001394664348
85	1.214558539862491
86	-1.0903163638855293
87	-0.6704506045761605
88	0.800324517191104
89	0.18085440003947895
90	1.6446006904125685
91	1.0306749259461014
92	0.4126846505582087
93	-0.16801155192841755
94	-0.4289838844063878
95	-0.037273771895778296
96	0.16322367098021218
97	-0.47515955563287093
98	-0.258598120812362
99	1.6361733243118213
100	1.3929357199252959
101	0.29629177686946306
102	1.3489170003272015
103	1.545185303795387
104	0.548490030979103
105	0.2391753169151336
106	0.29874592339809247
107	1.4369266950530921
108	1.5648865789138213
109	1.8693118774586495
110	-1.668086759923641
111	1.3470174714571517
112	0.3971309443451805
113	0.3568192887753021
114	1.8027960997400108
115	0.8665571283299016
116	0.5152713002753977
117	0.6851124897465972
118	0.016879454223104773
119	-0.17550662621642488
120	0.3961681117259097
121	0.8105775411296392
122	0.9694700469793851
123	2.292670630906944
124	-1.6104149760714819
125	-0.06117281722602286
126	1.5939747497388765
127	-1.1720619367415637
128	-0.31057714599879915
129	0.7470877762411341
130	1.4095942700330717
131	-0.26571276620507334
132	-0.4849216353425376
133	1.551923866469183
134	2.0225739230728568
135	1.4831109583712543
136	0.7996717176236992
137	1.4203299050087992
138	2.0314941290300066
139	0.7942056769877741
140	2.3619690858532305
141	1.5458901580530906
142	1.3398717951947106
143	1.6011399824770045
144	1.6163452386721424
145	0.5919849067053349
146	0.9551000945021926
147	1.3663170337599695
148	0.7673682411624618
149	0.9354251443187742
150	0.13910813582992532
151	0.7548430635608909
152	-0.6419625995771376
153	0.4180468557146533
154	1.4858958643321216
155	1.258112765597918
156	0.12035229862729224
157	-0.545287121302799
158	-0.7559248715000813
159	0.3073495116124576
160	0.654686100005037
161	-0.08672177118573643
162	0.7953921241593669
163	1.4570939789945712
164	0.8602211197206238
165	1.3662645088774283
166	1.865477283321276
167	1.7637369148875521
168	1.1537367097827094
169	1.5950125058362197
170	1.323800316420602
171	-1.775604191906588
172	-0.07970740039746715
173	0.5573108588455469
174	0.9068790931924511
175	1.4645138093778804
176	1.2896214113109892
177	1.3700836387673085
178	1.5323617264823248
179	1.3149019307633658
180	1.2494593695495197
181	-0.16502492097743016
182	0.732112669148762
183	-0.8779261573439214
184	-0.9335348904080973
185	0.8987854589328244
186	0.6880746915788514
187	1.3305812024939918
188	0.15157437299511756
189	0.9230486368057171
190	1.884137933571136
191	2.3393731084866403
192	2.3561164254785822
193	-1.503035672338779
194	-0.6959911084085704
195	1.3435901451789753
196	0.5302191306130162
197	1.1209933874687898
198	0.6170918951760385
199	-0.34722962580055494
200	-0.07617072548152137
201	0.28053044563029417
202	0.9776844732565024
203	2.092465346737189
204	1.0431698897889952
205	1.837434604071074
206	1.422574459273953
207	1.0053825743091593
208	1.583823567446558
209	0.3154697551815815
210	0.7732054856272796
211	0.212193922784909
212	-0.13405377125202733
213	0.2155037546619596
214	-0.2151511796361376
215	0.7970538444402138
216	1.7219365795271777
217	1.3813944625741392
218	-0.48155577800290317
219	0.4064955882857859
220	0.04192174171378937
221	0.2933830320292188
222	0.355438398246644
223	0.7238817606041152
224	0.5254379500810842
225	1.3125234367224934
226	1.4483255237473713
227	0.6798822089259033
228	-2.187796508318989
229	-3.5939671186503226
230	-0.2717033590048423
231	0.7910111197191902
232	-1.3980656113897112
233	-0.908166740151394
234	-0.03520462474800112
235	0.2219758805333072
236	-0.29309592824219166
237	-2.0984516108737417
238	-0.3556518516470497
239	-2.3241496719605195
240	-2.333175678794003
241	-1.8222031941820767
242	-1.1273321374671923
243	1.2925659900937134
244	1.3969339259856568
245	1.6872214783174186
246	0.6016067886981489
247	-0.6554372045156924
248	-0.256005898654621
249	-0.20103647789770207
250	0.3372601457358968
251	-1.2892590259650731
252	0.25439345607292907
253	-2.0823235376753537
254	1.6569472621700392
255	0.3176191004551079
256	0.5610254415103455
257	0.17119510715430764
258	2.3165698384923523
259	1.265463912230313
260	0.8221099494277624
261	0.5419706144168792
262	0.5381678856762733
263	0.4809757630790301
264	0.8644792260016523
265	0.2812847116520558
266	1.5462487892705035
267	-0.5318558049932633
268	-1.2089824354389052
269	0.5538479115502355
270	1.0111243607604727
271	0.9890979365044927
272	-0.2989825967063169
273	0.09823152882389152
274	1.3855640837818228
275	1.9808824662308453
276	1.0691717840673043
277	0.8130734247280564
278	1.1658248977117722
279	0.4858504465763467
280	0.7907153514994079
281	0.43356152054415276
282	1.9610214851517007
283	1.2215263886040404
284	0.1561479750528818
285	-0.20885261201532757
286	0.23740174707284822
287	1.5503246107659052
288	1.769561746438221
289	0.99783932786859
290	-0.8511583727674328
291	-0.6749510708069764
292	0.16732993512962224
293	1.0068993165516957
294	-0.6342852094889437
295	-0.5617338658808002
296	0.06810099017417137
297	0.12912069960041705
298	0.676123438856127
299	1.6940519822569335
300	-1.0730149587441389
301	-0.40844575384104687
302	0.43903731262559376
303	1.3555332629020924
304	1.124940411160022
305	0.743301916135465
306	2.02615738831706
307	2.1102602244709026
308	0.617377929879817
309	0.7251394714696371
310	0.7566775108711994
311	0.2069427061210547
312	-0.2657313064725102
313	0.8971763083607396
314	1.970994218529233
315	0.8620619019470475
316	1.1371370041042432
317	0.8154906795460217
318	-0.022217156516699532
319	-0.940515059598507
320	-0.2505536016931078
321	-1.0359034167524968
322	-0.1934396228320736
323	-0.10957527184876525
324	-1.4919269782485074
325	-0.1466992656185262
326	1.0995470532893101
327	-0.8339210125134553
328	-0.4062242885552507
329	-0.4157187825245483
330	-1.0533538065631287
331	-0.2125349644141199
332	0.9358017282051811
333	-0.6205479206369429
334	-1.7040219137148913
335	-1.0970102544137905
336	-0.06193814603951253
337	-0.7589628462634286
338	-0.6163454776641428
339	-0.2518771949948455
340	1.10204002496865
341	-1.639882755258487
342	-0.68679093323881
343	-0.6978668450606564
344	-0.5001349219672857
345	-0.19501766458796865
346	0.6381722244556656
347	-0.5512202513192364
348	-0.4513636729918904
349	0.8446121675203351
350	-0.09675946720829742
351	-0.14292024534835512
352	0.5725987936543451
353	0.5415381136193176
354	0.9353985811230618
355	-0.6539241731049268
356	-0.5222569581716074
357	0.02162322666622174
358	-0.7657124434059748
359	-1.2046806564626094
360	-0.13563349370881284
361	-1.374719411604569
362	-0.6063667704727314
363	-0.8142008354895651
364	-0.7465515047495108
365	0.42495737048976423
366	0.6548538867086968
