1	6.2
2	5.8
3	8.3
4	6.1
5	6.9
6	8.3
7	8.1
8	8.9
9	2.9
10	4.9
11	7.7
12	7.7
13	8.5
14	8.6
15	16.1
16	13.0
17	7.2
18	6.4
19	3.5
20	2.4
21	5.6
22	6.4
23	6.7
24	4.3
25	4.1
26	3.6
27	4.6
28	5.5
29	7.2
30	5.5
31	3.3
32	3.3
33	0.7
34	3.6
35	4.6
36	7.0
37	5.5
38	6.0
39	5.8
40	5.4
41	3.6
42	5.4
43	7.3
44	9.9
45	13.3
46	11.5
47	3.2
48	0.7
49	1.2
50	2.3
51	2.8
52	3.2
53	3.6
54	5.3
55	5.6
56	5.0
57	7.4
58	7.2
59	8.5
60	8.5
61	8.3
62	7.3
63	5.7
64	6.8
65	4.6
66	5.9
67	6.5
68	5.2
69	8.5
70	7.6
71	8.2
72	5.7
73	7.2
74	10.1
75	9.0
76	12.2
77	12.0
78	10.9
79	7.7
80	7.4
81	10.8
82	11.6
83	9.9
84	7.9
85	9.2
86	12.4
87	10.8
88	11.8
89	10.5
90	14.1
91	18.0
92	10.8
93	6.7
94	8.1
95	9.1
96	9.7
97	12.8
98	13.3
99	11.9
100	11.9
101	11.3
102	8.2
103	7.4
104	8.7
105	12.2
106	13.1
107	11.5
108	15.0
109	13.2
110	12.6
111	8.9
112	10.4
113	10.5
114	13.7
115	16.5
116	17.9
117	18.2
118	19.6
119	19.2
120	20.1
121	19.7
122	19.3
123	18.6
124	19.9
125	18.9
126	15.0
127	16.2
128	13.8
129	13.2
130	13.7
131	19.0
132	17.7
133	14.9
134	13.6
135	14.4
136	18.6
137	17.0
138	15.1
139	12.1
140	15.4
141	18.6
142	20.9
143	18.1
144	19.0
145	20.4
146	20.8
147	22.0
148	22.4
149	23.3
150	22.8
151	22.4
152	25.3
153	19.6
154	20.0
155	23.3
156	24.2
157	20.9
158	20.1
159	19.9
160	20.4
161	20.5
162	20.5
163	20.5
164	23.2
165	21.4
166	21.4
167	23.9
168	25.3
169	24.2
170	24.1
171	25.0
172	24.1
173	24.1
174	23.0
175	22.4
176	23.0
177	24.7
178	22.0
179	19.8
180	23.0
181	25.9
182	26.1
183	26.9
184	27.1
185	25.3
186	24.3
187	24.3
188	26.3
189	20.5
190	18.4
191	18.9
192	20.6
193	27.8
194	26.6
195	25.8
196	27.7
197	27.8
198	28.4
199	30.2
200	30.7
201	29.3
202	26.6
203	23.8
204	24.3
205	22.7
206	25.5
207	27.5
208	28.1
209	29.4
210	29.0
211	29.3
212	29.1
213	29.4
214	29.5
215	27.9
216	23.7
217	27.8
218	28.2
219	24.4
220	24.8
221	24.0
222	26.2
223	26.4
224	26.6
225	26.0
226	26.9
227	29.1
228	32.5
229	31.8
230	27.8
231	27.8
232	27.6
233	25.5
234	26.2
235	27.1
236	28.3
237	24.9
238	23.0
239	23.0
240	22.5
241	20.0
242	21.3
243	23.5
244	23.1
245	25.5
246	26.6
247	25.5
248	25.1
249	25.9
250	26.4
251	23.5
252	23.6
253	20.2
254	21.3
255	23.6
256	23.1
257	22.0
258	18.1
259	22.0
260	22.7
261	22.8
262	23.2
263	23.9
264	23.8
265	22.3
266	19.3
267	23.4
268	22.5
269	19.9
270	20.2
271	20.1
272	19.2
273	19.5
274	16.7
275	17.3
276	19.9
277	20.2
278	20.9
279	20.2
280	20.4
281	23.0
282	16.2
283	17.7
284	18.6
285	18.9
286	19.0
287	19.4
288	17.5
289	19.1
290	17.6
291	17.4
292	18.4
293	18.4
294	16.6
295	15.0
296	15.9
297	16.3
298	16.8
299	17.9
300	17.6
301	12.8
302	12.7
303	17.8
304	19.2
305	18.2
306	16.0
307	14.7
308	15.4
309	15.9
310	15.7
311	16.2
312	12.7
313	11.4
314	15.1
315	18.1
316	16.2
317	15.6
318	10.0
319	10.0
320	12.4
321	11.0
322	11.8
323	13.0
324	13.3
325	8.5
326	14.3
327	13.6
328	11.8
329	12.9
330	14.4
331	11.6
332	10.3
333	12.6
334	11.9
335	9.4
336	6.8
337	7.1
338	7.9
339	8.6
340	14.4
341	10.8
342	8.1
343	8.2
344	9.1
345	10.3
346	11.0
347	11.7
348	10.4
349	10.5
350	10.5
351	11.1
352	13.4
353	12.2
354	7.6
355	7.5
356	8.3
357	9.3
358	8.5
359	6.6
360	8.7
361	9.1
362	7.1
363	7.8
364	7.6
365	8.8
366	9.7
