1	52.636911842217394
2	51.496774496684985
3	50.46677063358206
4	49.642851205269636
5	49.388594338183594
6	48.69364107295041
7	47.411051447901244
8	47.36759115555335
9	46.41177745086233
10	45.33318736414334
11	44.30681427106837
12	43.76200892332283
13	43.183695180893864
14	42.31760578130365
15	41.739196778897416
16	41.1356469016145
17	41.70134112910855
18	40.8923273047136
19	39.92166083760383
20	39.423724957438196
21	38.70419469274458
22	44.50952634853604
23	44.17671603422498
24	43.88633451090231
25	43.20515291959394
26	42.536098240366265
27	41.43433719137928
28	40.95805247366094
29	40.42208008925451
30	39.690898697962254
31	39.12280393039627
32	40.96550200048592
33	43.346454381438306
34	42.90447160692828
35	42.10545550625497
36	41.3853600921384
37	40.5335806894833
38	39.60671197796123
39	38.79869442143116
40	38.10180276128002
41	37.499828802516305
42	36.43778443150924
43	35.49530765915876
44	34.75744607473638
45	34.059767696204595
46	33.220102150113306
47	32.47151046197738
48	31.841192145123326
49	30.987915192478848
50	30.283373544823007
51	29.620718489065695
52	29.237984305476516
53	29.394025670492447
54	29.33485676448882
55	28.6544384340217
56	28.26279560081381
57	27.789633246937264
58	27.29488644783099
59	28.57359954807538
60	42.548287556182416
61	40.949566881223944
62	40.10981509471114
63	39.101120638440904
64	38.417607754583834
65	37.02939640655714
66	36.35034249157664
67	49.481154087959915
68	58.40024590051165
69	57.50765186243243
70	56.740433260335976
71	55.24670351166099
72	54.0746879519606
73	52.65598110297503
74	51.279021979819504
75	50.133180975873024
76	48.877479440189376
77	47.89661502727664
78	47.78742850938347
79	51.546273582146874
80	58.05408980577255
81	65.33357373252396
82	63.69965406249675
83	62.47600648844558
84	61.032347472604606
85	59.42675395570877
86	57.94762362750634
87	56.23630905720249
88	54.33804850526624
89	51.954456403817375
90	50.53130254300091
91	48.966149424680715
92	47.47908885089762
93	45.863930916828345
94	43.9521103471246
95	42.48832557188928
96	41.347711646572755
97	40.32680505871703
98	38.89018644611292
99	37.64646605288255
100	36.22953459904116
101	35.94891373027626
102	34.571893765711145
103	32.990133661317465
104	32.32175982612072
105	31.716892482653975
106	30.415762959122077
107	31.583962075695972
108	37.890025295877
109	36.559547522046856
110	34.98558576096452
111	33.52549802871304
112	31.974023782667015
113	31.102864456528874
114	33.161647619332754
115	40.59631448088109
116	38.38048632905314
117	37.343798681059454
118	35.368845608966744
119	33.87529329829365
120	32.59642162445545
121	30.887566122076198
122	30.460564979187353
123	31.173949267471844
124	32.92294355497187
125	31.487499836886172
126	30.107130512090315
127	37.62496796880934
128	43.07979464133878
129	56.59916880585452
130	56.93737514529391
131	55.06646261780943
132	53.32705582508679
133	66.90990684761498
134	64.79704065872635
135	62.43559002914696
136	60.0554324437376
137	58.03316690224083
138	56.18192045678369
139	55.164498239950355
140	53.036690897221106
141	51.164200730678836
142	48.79428898340488
143	51.659689118210835
144	49.982950134260236
145	47.72486084173128
146	45.72910851071055
147	43.62668313214723
148	42.311220167082034
149	40.59335432682375
150	42.954244159478044
151	42.003972245265004
152	39.64445383209055
153	37.74551814830614
154	35.70773448094792
155	33.78548546316021
156	32.20205273853039
157	33.198248188514036
158	32.037200234063825
159	30.70928141990434
160	28.944246455786903
161	35.68039819415718
162	55.310130954949535
163	56.38420951476011
164	53.80300145091733
165	51.6881216518608
166	52.44262160022334
167	52.0039813726467
168	50.84474318565903
169	51.65266900188744
170	49.40785048304294
171	60.2530662845527
172	58.82392685428706
173	56.13041672775337
174	58.89494719912304
175	56.979591457103766
176	54.04078645568622
177	51.65311888606969
178	49.24808895305156
179	47.608792138082
180	44.50643617558844
181	41.69391175368427
182	39.040190583042204
183	36.58821797212438
184	34.45819694817412
185	32.86735705697507
186	36.35155517909981
187	43.3955115479777
188	43.87954311815741
189	42.296361459285635
190	40.135721594621934
191	38.26735979733578
192	36.11554906762621
193	35.607848725826194
194	33.668447411935766
195	31.49570063297386
196	29.557377296354915
197	27.547357421986423
198	25.727595680799514
199	23.801783195913536
200	22.335421688627722
201	21.20257704869088
202	19.78846931492157
203	18.53669571420333
204	16.90970438625895
205	15.664027786363041
206	14.9636572695757
207	14.44331802972005
208	13.833055194448326
209	30.88912767830667
210	35.20742983385943
211	33.42106940275366
212	31.563031941105198
213	29.54521036087031
214	27.440884529814674
215	25.425369758957732
216	23.49491860466054
217	21.97134129446742
218	20.811201769365688
219	25.480168560626765
220	29.46178635000377
221	28.30409242582947
222	26.524429317763985
223	26.487346547804623
224	36.71454054448508
225	35.473269261746104
226	33.44811641984348
227	31.65508713311312
228	31.69997778754579
229	29.4683392133914
230	27.763280905934856
231	26.453739779731606
232	25.885569224333626
233	24.828439741555833
234	23.256251074248194
235	24.015933905003198
236	37.12476487002302
237	35.250176325352356
238	33.087840131482324
239	47.146111984553926
240	45.55256387562528
241	43.96594833434293
242	41.95236586080869
243	45.57976728533491
244	50.48664420219875
245	59.48942831573263
246	59.02294401752152
247	63.39201570241148
248	72.21082070190494
249	70.2295036142136
250	68.70366079716405
251	80.97193244509569
252	79.04708379928162
253	100.0
254	100.0
255	98.59972206858417
256	97.54418876990194
257	97.70857884290362
258	100.0
259	98.27212316882625
260	96.17371872066897
261	100.0
262	98.17876570276296
263	100.0
264	100.0
265	98.49856463035395
266	96.9795056799373
267	95.42183712044164
268	100.0
269	100.0
270	100.0
271	98.27517992920396
272	100.0
273	100.0
274	100.0
275	97.9485341851653
276	96.41277513459899
277	95.30047465398455
278	97.60322612032965
279	95.99100967588575
280	93.70765948479877
281	92.50603359499229
282	91.20087281374026
283	89.86857516169533
284	90.07753205644721
285	89.7297010749267
286	88.80524392477514
287	88.01358218118555
288	87.07141201447891
289	86.14900789535776
290	85.00558078150863
291	83.97480606671583
292	84.1592643017449
293	82.92470983110371
294	81.4162242499125
295	80.18813235331022
296	79.38586601580141
297	78.56500534248545
298	77.15793471829056
299	76.34840291588577
300	78.1484346578777
301	76.83188110053524
302	75.39795107287897
303	74.02678742412114
304	72.64080712220866
305	71.11671004425008
306	69.98529019175021
307	68.85764745436019
308	68.08966174157582
309	67.31025210807695
310	77.23922688057124
311	76.29286635026867
312	75.38912781373766
313	75.3590316667976
314	74.11915263223764
315	72.90902425932173
316	72.03628874841652
317	71.29227874283538
318	70.55635167578885
319	69.61404552727498
320	68.80783528128796
321	67.69918253160573
322	66.96153320523005
323	65.97300410348393
324	65.0989679976085
325	64.30822773980628
326	63.5537756936531
327	62.45303788576608
328	61.68320429238167
329	60.989009966780785
330	60.167299215792234
331	59.40944140983644
332	58.79026121794322
333	57.85507043507234
334	56.81045994324761
335	55.78181305596473
336	55.11908365730855
337	54.52530019154529
338	54.05940721329093
339	52.48882476794482
340	52.213310058431226
341	51.63313963294508
342	50.782876680175015
343	50.02122586182318
344	49.423128173858764
345	52.37028057354127
346	55.6364946862575
347	54.72317538612528
348	53.882478247433085
349	53.12129614226997
350	52.89735236139457
351	52.3290516819689
352	51.34019453681636
353	50.55940071433351
354	49.870796696691194
355	49.247954051848694
356	48.68761405834996
357	48.152579070920574
358	46.77943593961657
359	46.224406062983064
360	45.671463484397066
361	44.59987450646171
362	43.86836411596015
363	43.11105357496908
364	42.489817020676504
365	41.82812879359017
