1	-2.0215586763932096
2	-0.09660251067088144
3	2.4576751868233684
4	1.620173106825372
5	7.292714022344511
6	10.295007838089344
7	3.684140335847494
8	5.021549764156592
9	5.311077923235376
10	4.988843031830405
11	6.1628612589695875
12	4.6941425688928
13	5.817277308090463
14	6.377225630091664
15	5.5615922506313415
16	8.98924738773643
17	6.169703282465753
18	3.4256905705648313
19	5.5406729978004305
20	5.931945005335147
21	-3.018704388017597
22	0.6435068450749553
23	7.876372226537831
24	0.2872204698757832
25	7.7197735078642316
26	10.436296016263263
27	11.029855699779322
28	4.6931647520784265
29	2.845210718655639
30	-2.0448597112367475
31	6.094875556239496
32	3.637787927861768
33	4.405486136409755
34	4.770816744709449
35	5.631775226293661
36	-1.7490348600951338
37	6.586818796664029
38	5.840640095681251
39	1.0643919426257602
40	-2.1028344521337816
41	4.236974767801732
42	6.655408361035593
43	7.903833668708418
44	4.3158815286035255
45	5.106171610171091
46	5.689491728602607
47	6.480225799491616
48	-0.07920346597862338
49	-0.105749174083269
50	8.622705033261926
51	8.125237223329567
52	7.875543491194192
53	7.077618859305619
54	13.250606870341258
55	10.614176620866452
56	9.621926369199247
57	7.590744672221827
58	9.052167322995988
59	7.366726812070023
60	7.815315804060151
61	9.193967072874724
62	5.178043507278402
63	11.489545446739637
64	8.922598115996063
65	7.220070168223368
66	7.423390137554512
67	9.199759608868682
68	10.676048429457929
69	7.474128480083617
70	6.858869470718232
71	8.54489233365015
72	8.74277059711941
73	8.627628666071129
74	8.950633932022491
75	12.70605044931511
76	17.162808575049343
77	16.49967714162178
78	14.049226709650743
79	13.379564222005943
80	10.905450276473417
81	14.365873896358476
82	10.564246577083463
83	8.458171860301416
84	8.704328064771463
85	9.82369429549421
86	12.300704050124445
87	13.979535256896028
88	14.667884331930455
89	16.841909036136762
90	17.779583234169895
91	14.797718108179879
92	13.8711857370308
93	18.347791221208
94	13.345512548652348
95	12.026941109012505
96	18.594120266798623
97	11.754975015281975
98	1.0891618319146472
99	9.845122602810793
100	9.341990323080992
101	13.653270895114876
102	14.58381496129283
103	11.23845831984963
104	14.518141376456132
105	17.14733194347745
106	16.681735109830946
107	17.410180388830145
108	15.532552931759337
109	14.713520352239314
110	20.338217594032397
111	18.35117736632397
112	16.59256651472109
113	19.872235257231786
114	20.06507868445553
115	17.13456920936922
116	18.152936473922136
117	21.205956540840084
118	22.179051258734148
119	20.349913768438057
120	19.58474144242182
121	21.80275675626838
122	22.479676950394
123	21.917642095182906
124	22.83518140356108
125	16.89460671616007
126	17.807147619733588
127	18.983508652130098
128	21.615703646287955
129	19.342728698933172
130	18.877030507381583
131	16.356803492926087
132	20.41464426776398
133	22.50002913461168
134	21.866185962853784
135	22.85058325115096
136	22.289644665110046
137	23.1737953861415
138	22.992442020563434
139	22.23862823342061
140	23.544599590621665
141	20.105339739656323
142	21.122451618858825
143	21.766390299829975
144	21.38989098837019
145	22.351989531483575
146	23.06846019128375
147	23.7117507581944
148	23.024118322792336
149	21.91364076929898
150	24.753142468402366
151	25.658588621168597
152	22.967475719903863
153	24.09678526949965
154	23.475149395094814
155	20.546408368862256
156	18.793739919831634
157	20.20392948402261
158	22.04996039721788
159	21.97196154388313
160	21.7716248279209
161	23.8657173684515
162	24.081948704417023
163	23.429844310413603
164	25.709504046586154
165	24.25798761170561
166	25.779927630430876
167	24.22275643099298
168	23.651950538588174
169	22.802404979894316
170	21.365064121242174
171	23.299364375601925
172	22.20999794511916
173	23.90383404536459
174	25.22760579944321
175	25.63899983647299
176	25.477500388676738
177	24.050132849167163
178	25.21356156574931
179	24.484229433214956
180	22.81956264760335
181	23.698207825031165
182	22.972513435370647
183	24.606736865816856
184	24.541744446190528
185	25.09191758446839
186	22.563658458741614
187	22.297152453344694
188	23.520478271378284
189	24.9063390014497
190	21.879785457451455
191	25.713202611609105
192	27.81985080296605
193	28.676588494488144
194	29.66032361824916
195	29.459420608724123
196	28.73366021710377
197	28.284392181777356
198	28.165058764727732
199	27.830527868369494
200	29.70641735829195
201	29.68000426221527
202	29.458393151505966
203	28.606802414329273
204	28.145833929048017
205	29.75641199488271
206	30.141495039737883
207	30.91809385559761
208	30.66876290677306
209	29.822717760053187
210	29.072802344765677
211	29.34984087887299
212	30.418761372185166
213	31.44092764496451
214	30.668333155724277
215	30.15728594158046
216	30.31526351590731
217	30.586476655073724
218	30.999546383504935
219	30.215512533019414
220	27.850360851639017
221	27.710796052171197
222	28.824021524384584
223	29.58357079594507
224	29.017861930057954
225	28.637096670296557
226	27.17230719879357
227	28.949549426905882
228	28.094566719784822
229	27.968701017167767
230	28.747021039478263
231	28.029728935975847
232	27.471213550023897
233	27.630613146783077
234	29.808702602888253
235	27.476371178729295
236	24.06935183102113
237	21.074795473412674
238	22.200000386827266
239	25.064561792310023
240	22.834286883618475
241	22.530955936970607
242	23.46306199859312
243	24.23416409161318
244	26.28393895355577
245	28.129595574556348
246	26.646368079065603
247	27.201146062528103
248	25.52792489859342
249	25.544809187440123
250	25.59522819617853
251	22.58871270531899
252	24.957179234752715
253	24.38487767518439
254	25.9470554839748
255	26.026388401898785
256	24.886297890911273
257	23.23083003782208
258	22.775332035767985
259	21.690786642945707
260	20.388779707656294
261	23.258720202540893
262	25.252601868731183
263	22.927861678760497
264	23.30543350490384
265	23.228265593679197
266	22.339965881118424
267	21.72858016194127
268	20.135352694618632
269	22.909525981245707
270	23.45774648771543
271	24.551838653647273
272	19.866305628164334
273	19.01666353048799
274	20.3038026435956
275	23.60206240003549
276	22.555217383772764
277	21.736562344366746
278	16.234332330577303
279	18.011894863577915
280	17.112998926235257
281	17.233685278379035
282	19.02664618617446
283	18.886829037993333
284	20.432523257340172
285	19.878099937640442
286	18.92684397033858
287	17.582516172386196
288	19.13678397443281
289	17.70736099623457
290	19.658710520327844
291	20.389470962254396
292	20.21031312005533
293	20.29220463635084
294	17.97182297536032
295	18.764547387278828
296	18.41648795529845
297	20.1646495232202
298	13.76722428831506
299	14.708560201668568
300	19.127927949930555
301	21.15397212585901
302	17.137605255587328
303	17.017159492473205
304	13.789645269107751
305	13.775654040543518
306	14.321620525780567
307	16.807878069984092
308	15.312217833759036
309	16.30230379700788
310	17.043497794800416
311	17.303760981416097
312	17.138538002825833
313	20.359518260827624
314	18.593420834211962
315	14.812806844506603
316	13.083585319340106
317	13.745046104990301
318	14.911245727949925
319	18.08264407873828
320	18.072642686817893
321	20.094651317318498
322	19.039850067562405
323	15.878549760751909
324	14.229615794306163
325	15.84633774596875
326	13.171923601794436
327	13.271358464358798
328	15.423628071172406
329	8.989376729871292
330	10.631750126251475
331	10.485872310106664
332	9.674854257559442
333	10.600935870640996
334	10.780669173727489
335	11.508595100742628
336	9.36139800836203
337	11.897379754365573
338	9.060881007109266
339	10.057500465536457
340	9.13002980693188
341	9.000659646738175
342	7.838380500994815
343	8.478285411884052
344	9.319381013297864
345	15.564592849886566
346	12.053255716541067
347	11.15557171324954
348	12.350885545608282
349	11.969168188139736
350	14.229493607602826
351	8.233287496104865
352	7.024053905148722
353	6.649368591679774
354	6.664101979023495
355	7.8976143635757685
356	9.85392862020177
357	6.124223513473608
358	12.135013990295896
359	10.855360419365947
360	7.937354341563746
361	5.987366708591142
362	5.063149016304869
363	5.548235131876345
364	6.2968852250731535
365	7.0446213838305125
