1	91.88126609657338
2	91.13591145148945
3	89.99680332815068
4	89.55030963965889
5	88.42952737952243
6	91.4960002626159
7	89.90805733431327
8	88.07908384611694
9	86.22340577899385
10	84.51806446814082
11	83.22173517197204
12	81.54897820858662
13	79.9847227821367
14	78.99014228765992
15	100.0
16	98.67168909411474
17	97.41152481774058
18	96.00603678589681
19	94.73370391399556
20	93.19566266902625
21	95.78389842963911
22	100.0
23	100.0
24	99.48874456327039
25	98.43741440446331
26	97.85140544372939
27	100.0
28	98.47411966790386
29	97.39209628176474
30	100.0
31	98.66502710870571
32	96.75144218136357
33	94.93503290219178
34	93.6507914351941
35	92.47712110927938
36	98.47712110927938
37	97.37286416518276
38	97.41885263906335
39	100.0
40	99.3345770315738
41	98.21489943414531
42	97.07745785580107
43	95.96342962657613
44	94.62893837279317
45	92.85341002346784
46	91.0801529795435
47	89.37914683635675
48	91.37914683635675
49	98.37914683635674
50	97.35907906910472
51	96.28557056387444
52	95.11822370518506
53	95.55433509398853
54	100.0
55	99.15886173486447
56	97.8827378826748
57	100.0
58	98.45736066776102
59	96.5777260430234
60	100.0
61	97.84028089687956
62	97.35461959679525
63	100.0
64	97.91030809838142
65	96.7015753651587
66	99.10334181908134
67	98.79544199211068
68	100.0
69	100.0
70	98.17489668248645
71	96.04069079995726
72	94.10772466987139
73	92.60245042238967
74	91.61354398198355
75	97.17948464779886
76	95.79952853196315
77	94.30020044463191
78	96.87699209741211
79	95.81285780076132
80	94.40938509021642
81	92.55755415612602
82	90.70307684498262
83	88.40950133268502
84	86.08699744889583
85	83.8017756858901
86	81.48171283299854
87	79.33171715011767
88	77.55157430407994
89	75.13732048638889
90	72.4954446551131
91	72.40335307637521
92	70.5883746561312
93	69.11485773204959
94	67.76876015264942
95	72.49245770595579
96	70.614819396204
97	73.10293219619982
98	86.43626552953315
99	85.01546936196243
100	90.53720455677389
101	94.67117072475443
102	92.83413464269039
103	100.0
104	100.0
105	99.06089934193135
106	96.91314776663046
107	97.19600171785213
108	94.92713020902302
109	93.7710615395846
110	99.59749191742695
111	98.47876707067797
112	98.20865731225675
113	95.7581245808215
114	93.40338212521891
115	91.09109415540279
116	88.22201824257128
117	85.600772606447
118	82.80720469351952
119	80.3399779307884
120	78.2166040308433
121	75.37174997696829
122	72.50134647108614
123	69.64683079435113
124	66.64207140109065
125	63.690709393700764
126	60.98551214768393
127	59.18868668345002
128	56.64425251619305
129	55.388366215988164
130	52.632268089769205
131	49.99487976551821
132	86.87232682611626
133	83.30937975077853
134	79.67219041428939
135	76.45516455522247
136	77.22311703073865
137	74.0743326575804
138	73.85509240794883
139	75.44103164408482
140	73.00704780962694
141	75.55036957014939
142	72.47716258768956
143	69.41983824586241
144	66.72382766880986
145	64.18097644773029
146	60.84971780435304
147	57.549130504620074
148	55.20036721057192
149	59.7876946939461
150	56.88287341597758
151	53.76532001211666
152	50.75826792650972
153	48.300371088137965
154	57.633323203973966
155	53.775491889207274
156	69.92976161821011
157	83.7926482401367
158	80.94071088913047
159	78.73269735176518
160	99.42912244926679
161	96.54642555244402
162	93.8605314853205
163	95.24386481444941
164	92.65066218773978
165	91.60886499352506
166	88.3824815520291
167	100.0
168	100.0
169	97.93954601197389
170	100.0
171	97.11881823881784
172	95.95946642758378
173	93.63535248291254
174	100.0
175	96.81918907947629
176	93.86746786716948
177	100.0
178	100.0
179	97.07338543395704
180	94.29375556378197
181	92.22580664787327
182	100.0
183	100.0
184	100.0
185	100.0
186	100.0
187	100.0
188	98.41106465826692
189	100.0
190	100.0
191	97.51954930853829
192	94.1340103870528
193	90.55586011192925
194	86.13249752703375
195	80.89749734644876
196	76.50444235492373
197	100.0
198	100.0
199	97.35640568541434
200	93.43051877488882
201	90.04787784325478
202	85.72473727191077
203	80.77832304427469
204	80.9455695833185
205	82.67484998996359
206	79.39752811599561
207	75.51715352760085
208	71.47077827705249
209	68.06459587893036
210	64.84530449505958
211	61.976628760591566
212	58.53676773277754
213	55.25923614606998
214	52.03449240895803
215	48.88841524747599
216	45.878430548079535
217	42.90041180450576
218	40.17813940497931
219	37.70194507662665
220	35.88077049630561
221	34.168386711634646
222	33.3610721588953
223	31.562266413233296
224	30.12052713154876
225	29.5813259740427
226	30.134761648654663
227	28.63829981576017
228	32.65390334593337
229	53.63612298491686
230	51.16189774535843
231	48.61013282603041
232	52.46038259434843
233	52.43954602772345
234	49.874052213369254
235	47.654183178146766
236	45.75246360468572
237	44.69898769522073
238	67.30172190160953
239	65.09812901484021
240	65.55695431457951
241	66.0917472246111
242	67.16294394001162
243	67.40470785705497
244	73.69192936288492
245	74.68741630867753
246	73.16564958288096
247	80.06390005046921
248	77.3912130962793
249	100.0
250	100.0
251	100.0
252	100.0
253	100.0
254	97.22418314934602
255	94.37371045621796
256	92.05877425315566
257	89.56452664121575
258	86.9684065837426
259	87.77372016886738
260	100.0
261	100.0
262	97.25283467997228
263	94.36562699400179
264	91.83691763924575
265	88.96805675161326
266	86.20278544231722
267	85.34836633918374
268	100.0
269	100.0
270	98.49273605731638
271	95.82269625264766
272	92.93699252816646
273	89.60017298416544
274	93.03640004232196
275	100.0
276	97.55333061399128
277	95.02645562836246
278	92.96124657918655
279	90.83922204043631
280	88.14698074036157
281	84.5261206237669
282	81.6036463629408
283	80.14728500672034
284	88.9330315332361
285	87.05323259521504
286	84.7819303158352
287	82.53824723899001
288	80.70734686387998
289	84.63734251112788
290	86.94950320710278
291	85.22198413606688
292	83.14789588556742
293	81.35333665260809
294	79.7443649698635
295	77.98626555280144
296	76.43810069927817
297	74.5502980844966
298	71.20195568008806
299	68.94703108315414
300	66.75180587386862
301	64.45302769182814
302	63.036427063421165
303	61.299168616438536
304	60.0569641734221
305	58.74771863315852
306	83.44323458983145
307	81.58516329848455
308	79.9831245306003
309	78.45944492321216
310	76.69862365788214
311	75.32231035231653
312	83.85746692416066
313	83.44663073287882
314	87.57643780448524
315	85.94744559731133
316	84.57643621672747
317	83.36052590839004
318	94.368719624459
319	99.00502462950087
320	97.41045775530036
321	97.93733027473576
322	100.0
323	100.0
324	99.10411389446018
325	97.51744485757624
326	96.42573776283754
327	96.06023341922139
328	96.07122197604252
329	100.0
330	100.0
331	98.63043162084278
332	97.43990832327538
333	96.2212586880213
334	95.25013412600333
335	94.00219735709
336	93.89619403909927
337	94.33634511795321
338	92.46772359529939
339	91.27709212789209
340	89.79547615899882
341	88.51304436715888
342	87.5361122475593
343	86.54284723795345
344	89.41429345003226
345	100.0
346	98.49483670341867
347	98.82278704300754
348	97.94236962313747
349	97.0688192730902
350	95.94099597981592
351	94.44490931437007
352	92.88577911358284
353	91.40578148260605
354	90.30282735781218
355	89.35507744978625
356	87.54120904108596
357	89.46017957336647
358	91.93917320229669
359	90.55047353583042
360	89.25972340119237
361	87.83991703888742
362	86.51539339155728
363	85.16631586445746
364	83.84606600799653
365	82.94198746511083
