1	2.212339597274844
2	1.7045800978563248
3	0.575671733432574
4	5.960080243282458
5	2.6463853180508563
6	-3.673643209894661
7	5.933873974564281
8	2.6981177025428797
9	0.4708476894041196
10	2.1169442594648933
11	1.1721441131500638
12	-0.5950747478574465
13	3.5114125324265677
14	3.6871578720719844
15	0.15424245299419947
16	2.0780389070665946
17	6.855894119404357
18	6.519008056062581
19	3.5681593925586226
20	5.034626990055712
21	4.148457576300912
22	3.504400522189381
23	-2.5161596246983686
24	3.55812976820033
25	6.396789388683575
26	1.7399692855762288
27	4.406179325974004
28	6.270601362721513
29	5.7850093786991
30	5.123351891647331
31	3.4938000857414435
32	2.0060440430040414
33	2.455676407638779
34	3.52108738044081
35	4.917451526548255
36	5.444550335060884
37	2.936437661454131
38	3.0741549363522642
39	0.45686228631690096
40	2.9260159062434488
41	7.334530899750894
42	3.93296492723655
43	2.7229538270930282
44	3.459766647570201
45	4.9722993275404965
46	6.325559413917246
47	1.0082325655388322
48	8.20341996167802
49	1.6184421582495636
50	0.7129933713277401
51	6.851517846961257
52	4.867295194456928
53	6.226884577177855
54	7.519791905219619
55	5.826399394185247
56	1.5918841323222699
57	5.629878928701145
58	5.581684557319227
59	6.835117912771916
60	5.990842366595447
61	5.030086219272962
62	6.5128456797160466
63	0.21397385278964176
64	5.591587204076965
65	3.8289808178469142
66	6.9821502591396145
67	10.222091295499869
68	11.321756693027258
69	8.71285389140331
70	7.843073132985043
71	7.858754040363567
72	5.260507632954812
73	5.130402894446646
74	3.6017560127008386
75	10.447410797302673
76	9.720441688249082
77	11.378515785346437
78	7.851372793004759
79	4.926210793192104
80	10.059522506704717
81	8.47572757854017
82	11.538886458691255
83	10.405608957456916
84	6.977332016356171
85	7.56136970470154
86	11.443062936907548
87	10.123421077673136
88	10.306185587820842
89	9.247560395208179
90	9.205712710849255
91	10.322761415281875
92	9.228809577773482
93	13.610297618672107
94	8.969328071515143
95	11.7667616707027
96	16.99394781523199
97	18.549721526245914
98	15.455316390127582
99	14.89593492158036
100	17.556036271490957
101	13.613209040247622
102	9.633144298508114
103	10.570098469400058
104	14.448066715405389
105	16.955427911347627
106	13.519039828904024
107	15.838179640906102
108	13.020126057900868
109	15.085986365073644
110	11.109996304431434
111	16.71367870718342
112	13.921681710139104
113	13.493073873484871
114	14.037481998995666
115	15.655137800379556
116	16.668698130230474
117	17.31552440111248
118	20.804461255238596
119	21.544699808929238
120	18.232865265260433
121	17.720486743473902
122	19.603970073807453
123	16.789660916524006
124	18.858054073643576
125	18.5889817449293
126	13.615078332125371
127	17.18864906022918
128	15.579628982998255
129	19.304853512615868
130	15.883768479402768
131	12.452939619417851
132	13.381414521728118
133	13.275622763929395
134	13.95733278457499
135	15.573180025049208
136	15.898947458248642
137	17.284799750821257
138	17.59665709754554
139	20.835441743685273
140	17.7166205824869
141	19.69134356340759
142	20.18305871260869
143	20.56214509662483
144	18.837244054387334
145	18.932074636589398
146	18.855395731130038
147	20.003153084876104
148	20.574801116052623
149	20.13120906112289
150	18.58507939330438
151	19.80798311356185
152	21.993711314736558
153	20.526071925151314
154	20.84328693886008
155	19.921507394232986
156	22.611103073654053
157	22.929035093883627
158	20.93397467916518
159	21.325012761898346
160	23.240801355260658
161	22.328892366893008
162	23.728054756642955
163	25.295813143041194
164	24.972819388211505
165	23.53415433807745
166	21.520007223973526
167	20.867724162010404
168	22.44938006122721
169	23.92738595736605
170	24.431957206521552
171	25.392837882615588
172	25.87247674476776
173	23.682418914804526
174	24.960253212297687
175	26.48406697448865
176	27.884461212342664
177	28.161564882475723
178	26.926648006991066
179	26.358765456979505
180	24.598715551506565
181	26.73612458123379
182	26.338298927191666
183	26.108599453119766
184	22.019349648807566
185	22.009261749420933
186	26.012372404145268
187	23.29545078179151
188	24.95562840064931
189	23.688898519976238
190	21.871391412112423
191	26.523946905964657
192	27.691753406114906
193	23.463318266973033
194	22.294678320030783
195	24.01209765906166
196	28.26960707640567
197	27.45894637421555
198	27.98160236894463
199	29.051960211508337
200	26.05286512035179
201	24.4784949149811
202	26.675293278531363
203	25.8199256747044
204	23.114318644984316
205	25.93985644002492
206	26.768737729876143
207	26.103725207923304
208	27.000108060485495
209	26.491214628570987
210	28.583150979578825
211	28.6202101847175
212	28.18369388437116
213	28.461696987295632
214	29.295319176869903
215	29.467367219850175
216	30.188792904893937
217	30.409460680271643
218	29.628187354017776
219	29.04408536294499
220	28.211237028118994
221	28.2856541150313
222	27.32865429445655
223	27.88260530585608
224	27.1996366979105
225	27.394542472089817
226	28.78527767846723
227	28.60783942784132
228	26.764206733468747
229	27.335931844934315
230	27.573997215437863
231	28.722895405519893
232	28.126008288311276
233	28.030976231092758
234	28.218278696127463
235	26.556498934093092
236	24.63703245808737
237	24.849785377047127
238	28.545821691392867
239	27.638097793156298
240	24.79242618773592
241	26.219300022010465
242	25.613369203055136
243	24.92789525324647
244	26.725799114571338
245	27.429108249756048
246	27.46710951268811
247	27.037848228792924
248	24.543614953921384
249	25.218519370924817
250	27.805870212878204
251	27.712098485206717
252	24.06758561783511
253	26.400543776411816
254	25.734766596063615
255	26.616813821909858
256	27.786700101540994
257	27.527624935556524
258	23.61530335748813
259	21.461362615517064
260	22.688448293462468
261	24.843901384630236
262	26.725123913152835
263	24.497301145045093
264	23.16368786135606
265	21.615133284274066
266	24.00638497796764
267	23.451296548699506
268	22.158588971593183
269	22.100235657200255
270	20.05648847742961
271	18.923574807822234
272	20.21556016078727
273	19.964112489015843
274	22.079942833152856
275	24.754882350260537
276	21.176302778391136
277	20.005979808848988
278	20.098620066758556
279	20.14185703860443
280	21.374517914784192
281	22.445877303604558
282	19.883796332105693
283	19.20377592984585
284	19.571191369231396
285	19.752109831952946
286	18.65833063313457
287	20.179409605362803
288	20.394636259668168
289	20.217032618041355
290	19.06790854296271
291	18.669809464288168
292	18.673667183815702
293	17.999559675386354
294	17.81310613695211
295	17.21757694007329
296	16.536351626447896
297	17.28175980671405
298	16.705700571159184
299	14.744166579953884
300	16.53746931150254
301	16.931642959053978
302	16.85278809092238
303	15.315947955757704
304	14.144153600910453
305	12.735336817351154
306	13.328364696647473
307	13.765425211937757
308	15.890955317566789
309	15.889264183180867
310	13.959422346713726
311	16.970921022227014
312	14.61818030472556
313	12.653931675358486
314	12.723110884413341
315	11.204479033974753
316	13.2044442329052
317	11.665951906374723
318	10.90188202800843
319	10.681620195689835
320	9.709981621396956
321	8.691782588585301
322	8.425095822595068
323	8.633033248403517
324	8.110041947268758
325	7.093450763979059
326	8.474848806104347
327	10.37686113401412
328	11.439908097612886
329	9.912745581078742
330	10.562463837566582
331	10.91201243878913
332	10.946116774325638
333	10.740678154556178
334	8.702336248445587
335	7.392699422632368
336	7.081772588274318
337	6.866668697625928
338	0.8676257840597286
339	6.257869024176329
340	5.9438100904247255
341	6.173732564082438
342	6.874463831194304
343	7.362940342071986
344	7.171412492951627
345	0.43894917571139924
346	0.5038007415188472
347	2.121111744785636
348	1.7299977702126617
349	2.3329008768306023
350	3.0162293629972856
351	2.7412049075685863
352	0.01036084345339372
353	0.9059897188757011
354	3.0492250348151932
355	1.273546880129909
356	0.7066702384583605
357	1.4620958641017685
358	0.6539219104088962
359	1.0133300770698375
360	1.5362198412346215
361	-0.15190871364628666
362	0.9587191710593492
363	1.9061353374934056
364	1.598312477243332
365	1.7946998804285341
