1	87.72837304335116
2	87.10309370600666
3	86.76256466024148
4	85.95992597534891
5	85.14959615002925
6	85.1226280105351
7	84.37402282875799
8	83.59692257437821
9	82.87354549520242
10	82.23743307946975
11	81.72770422905072
12	81.06709318398624
13	79.99532744444963
14	79.40291610420454
15	94.40291610420454
16	100.0
17	99.15902176907753
18	98.18690474427466
19	97.8843221793019
20	97.0876123456132
21	96.09892601204865
22	95.083331964413
23	94.98065497387076
24	94.46293295553068
25	93.22487894670289
26	92.92050498217885
27	92.11507103302262
28	91.38478727374985
29	90.93467390188442
30	89.58220636410284
31	88.6570587559543
32	87.80497042778737
33	86.89907301138899
34	85.92467666765215
35	84.7733116318541
36	83.6176572717699
37	82.47146949878558
38	81.7560267273175
39	81.99412196541273
40	81.83095260274771
41	80.68449766706904
42	79.49748867201137
43	78.4947939837242
44	77.78016889398344
45	76.62483832115173
46	75.66857622417504
47	81.61889439676352
48	80.68142724000502
49	80.7562868930529
50	91.20048062699811
51	90.18108689466506
52	89.26607432378829
53	88.03521628172393
54	86.86865892475198
55	88.72358933792009
56	90.26444691198424
57	89.02944195147006
58	87.91675535130842
59	86.74928331282172
60	85.3436721049141
61	84.32988013312438
62	83.51240144905199
63	91.32340596606396
64	93.89056620629732
65	93.64658282529075
66	92.78391554224234
67	91.7201182335094
68	90.51276888569843
69	89.78576327309236
70	90.31663461583528
71	89.40693915597846
72	88.11030858666811
73	87.00139450261494
74	86.3455217257943
75	85.18509495172489
76	84.53691327736945
77	82.71862933412012
78	81.29213622277153
79	80.6024189735655
80	78.97385107537295
81	78.26393698031562
82	88.24689141849043
83	87.11087423949027
84	85.72720740006817
85	84.50326357083578
86	83.1148758229111
87	84.17760559620982
88	82.75781182069423
89	81.10140920804211
90	79.89208113872718
91	78.32309018541216
92	77.40052412708434
93	82.97081676687242
94	89.61339922380786
95	88.43576674658921
96	86.79546758584674
97	85.13949769825305
98	82.84070328975481
99	80.84262181003614
100	79.42621850450546
101	80.53383619112677
102	82.36721542658873
103	82.4719089865456
104	80.96873042188444
105	79.3825833145701
106	78.28083925218479
107	76.63813051466431
108	75.13675966812973
109	73.58332254710514
110	75.77900552066771
111	75.59968218764753
112	74.19284800422918
113	72.39509936631191
114	70.72056018680479
115	69.53489765945345
116	74.81623502412293
117	73.14209601272123
118	71.04743787171273
119	68.81455845794825
120	66.47412965050754
121	67.13271963927163
122	65.7303719125882
123	63.5730874524967
124	61.59522134920425
125	59.58283156130463
126	61.05556733463558
127	60.90362256428226
128	59.78236029147265
129	58.1231775093357
130	55.769596939993434
131	54.724270520806385
132	53.852990379024035
133	52.86983788115926
134	51.70289491080692
135	50.29367383796678
136	47.78908190868447
137	46.074102125935944
138	45.18209594603765
139	43.2858506986274
140	41.38208554142771
141	39.4359417325713
142	38.99387504348538
143	39.90843522056887
144	43.71415863627556
145	41.98440321487858
146	40.32023185848345
147	39.119816229638225
148	37.734923246166865
149	36.244805937498256
150	36.77001670090562
151	47.14716631041744
152	45.127947661586745
153	44.88979626509904
154	44.810361018658725
155	44.22734682083277
156	42.49689862684993
157	40.51062015744769
158	39.12135041929023
159	37.807304897552996
160	36.15626562071848
161	37.01100554242064
162	36.12605919242364
163	34.410878261789655
164	32.67181186328119
165	31.3126513188843
166	36.08760738018916
167	37.06949899257758
168	36.33876878370772
169	34.9988732404489
170	33.71719922080874
171	32.23301217443918
172	30.626997558117186
173	34.54400485812635
174	33.394659510310746
175	31.87112896897228
176	30.0267655064622
177	28.487046088295862
178	27.529676046790108
179	26.97787562578271
180	26.74926591730591
181	40.04724000906411
182	45.40126687051606
183	43.48004060201472
184	43.399061151121565
185	71.78363445305098
186	89.0981698125414
187	98.50783883357694
188	97.85286663731148
189	96.09611301210906
190	100.0
191	99.23316086125955
192	96.83486328963357
193	95.72664190378242
194	94.38741827191835
195	93.19049817429213
196	90.6500588816557
197	100.0
198	97.92038633344457
199	95.62031651442076
200	93.27353646456473
201	91.37416549654117
202	89.03390569346207
203	87.06198840535151
204	85.47618095505365
205	83.23206632598786
206	93.24626271370835
207	100.0
208	96.3374569352434
209	93.4027489552322
210	90.76972828013675
211	88.8750681682534
212	86.54217712214583
213	85.66055630684534
214	83.128519616189
215	80.69741160339872
216	78.0459062289254
217	75.09374962657701
218	72.10559601839662
219	69.3660525898107
220	66.76704931958807
221	64.46155329680946
222	63.10246587022357
223	60.8819082930369
224	94.04297859664112
225	95.31983897471622
226	92.98073592084994
227	90.71133558306211
228	91.58158717526742
229	89.22833148203527
230	87.27915201071464
231	85.3639240396973
232	83.09132150496518
233	80.655565679581
234	78.22756843705024
235	88.21688866803935
236	86.95240555095094
237	100.0
238	100.0
239	100.0
240	100.0
241	97.64305311460505
242	95.69147946600305
243	94.21437705353853
244	91.75634047581055
245	89.30583311089602
246	86.9019322611213
247	92.07259125901739
248	100.0
249	100.0
250	99.36527899659207
251	96.89703549251821
252	95.3259451132539
253	93.39378837777096
254	94.62123264935913
255	92.35694831828201
256	89.87713378811854
257	87.55359188827437
258	85.16367017767638
259	83.60025496674479
260	81.74320304759597
261	79.67854739814446
262	77.54047943861431
263	79.76359267562749
264	78.97950994553653
265	80.06360207699353
266	78.62245398188072
267	79.99276403975743
268	84.11432067708563
269	82.27826586437465
270	80.96198704626003
271	79.78370474867285
272	78.01943088622866
273	76.61092916220194
274	74.95080764625234
275	72.85645154765689
276	70.67830401108564
277	72.06988280525293
278	81.62645016548966
279	81.75559546427972
280	81.24285156908628
281	80.721636088403
282	85.00656602423729
283	91.97944522546204
284	91.70989704067371
285	90.39224379109079
286	89.13027113358305
287	87.54840448222426
288	95.56983487560554
289	97.6670216872107
290	100.0
291	100.0
292	98.87751510935115
293	97.47312720595053
294	96.31601453351064
295	95.74442994273623
296	94.07385420923994
297	92.79800127055205
298	91.22676829671764
299	90.378777620295
300	89.51761099401098
301	88.47933372165457
302	87.52795669838777
303	86.25229131702916
304	85.34478209884387
305	84.23991923124841
306	83.17906053353852
307	82.33652725559588
308	81.23700738805896
309	80.116336439676
310	87.08092713826804
311	87.24354540304168
312	85.67449915631948
313	84.41078393399242
314	83.40869092078019
315	82.77713287648068
316	84.88131756766677
317	84.03283379373741
318	83.49110208526842
319	82.85613226904825
320	81.8386699382012
321	80.80213149557547
322	79.98123682205204
323	78.85145159754885
324	77.77928211398458
325	77.12671206778082
326	76.43141229462431
327	75.74278484711064
328	74.8926945559649
329	74.23343362430238
330	73.4335157051428
331	72.57687096726417
332	71.75851136195755
333	70.70914491647135
334	69.43673678309372
335	68.38023412945452
336	67.68125505359978
337	66.6771713238162
338	67.02506767130707
339	66.10124027976909
340	65.78767440774028
341	65.2689533637142
342	64.63992824289976
343	63.72872830702069
344	62.77561141889798
345	62.26323288749963
346	61.93695403675026
347	61.10464508844298
348	60.423529779672855
349	59.82455663797535
350	59.14218779093079
351	58.410818780465476
352	57.38472961614445
353	56.52336962603767
354	55.78186511139991
355	55.47108996557441
356	54.55241434049016
357	53.84117805391466
358	53.20865224163257
359	52.652128271895435
360	51.69696420486252
361	51.03735599739926
362	50.294292388599224
363	49.3875151332651
364	48.83095656513336
365	47.83501694182239
