1	94.2229844175816
2	93.36851390486278
3	92.2013818033834
4	90.84410125650919
5	89.02892411581564
6	88.04545701343517
7	87.32826446095163
8	100.0
9	100.0
10	98.85208472242135
11	97.57011573682706
12	96.52002131754067
13	95.48548248503637
14	94.97896014030421
15	94.01185080005715
16	92.76221731461442
17	91.68067583537768
18	90.5884048108979
19	89.31803693436619
20	89.25303991250698
21	87.86412801155123
22	86.73166417652098
23	85.23865868837038
24	83.7992684551437
25	82.34286524674886
26	81.22429597946243
27	79.88709899221249
28	78.57083379266514
29	77.65239101667156
30	76.25413079206037
31	74.43242312559596
32	73.05531524942974
33	71.29296880258605
34	69.40859622740317
35	67.77461224965019
36	66.90625574745155
37	65.38547175186939
38	63.43544091347068
39	61.820117487039504
40	67.15345082037284
41	66.69832020102916
42	65.37725425793327
43	63.711027031472454
44	62.09760032880932
45	60.50423881897509
46	59.021990576373085
47	57.88278367191524
48	56.236073831621134
49	55.037564872220436
50	53.746919971193094
51	56.803420803082446
52	55.07909611913875
53	53.99799798112404
54	53.312380421837226
55	51.78320057431364
56	50.79067212652294
57	49.70268759857941
58	48.97622337939293
59	48.11874123375489
60	50.443595944798126
61	56.45190336043966
62	55.20658780281175
63	54.097438736025104
64	52.90647160036512
65	53.061025012213115
66	52.388242154784045
67	51.419514580427496
68	50.1331742297417
69	48.82337726208472
70	47.59510325774505
71	46.52839270945982
72	46.24421679149878
73	47.50110055880217
74	47.670828131728065
75	46.63005421149881
76	45.24446649738095
77	44.007031914198066
78	42.642309587123805
79	41.10989472371741
80	57.697917557759595
81	55.696558939308225
82	54.40343582673175
83	52.87533424528632
84	51.4938947007598
85	59.47692219176779
86	73.76438160968402
87	72.27927780910345
88	70.9343108721475
89	69.158461210364
90	72.45083488397078
91	75.47040842206248
92	74.00987810314187
93	73.43247024649189
94	71.64665734403536
95	69.54788214853494
96	67.66359539677967
97	68.23287552258435
98	72.03411050358119
99	77.32196161119207
100	75.5792291435006
101	100.0
102	97.70651355723413
103	95.61171697166931
104	93.03919825879456
105	90.24500047736879
106	87.5317145024082
107	94.09580577761758
108	100.0
109	96.91654550248731
110	94.27078003067895
111	92.92112746844657
112	100.0
113	98.15392850400066
114	96.15915890989112
115	93.73188812082724
116	91.88071678407266
117	92.55838013886535
118	90.1491708842832
119	87.90394697048379
120	85.20632140132773
121	83.78840012122389
122	80.81814966700901
123	78.33914274245393
124	75.72759074962838
125	73.0374474047829
126	70.17419292192665
127	67.84588869409359
128	64.7844038425619
129	62.54330373930719
130	64.27456900878938
131	61.74095012715045
132	59.27437531157763
133	76.36046657825936
134	74.85018274279052
135	73.42469555257219
136	71.21604408617492
137	69.4386597947361
138	68.77578217118186
139	66.11044052713092
140	63.08844283096213
141	59.915788831579
142	56.934713123320044
143	53.96529615310861
144	51.93443962055374
145	51.23272196471075
146	59.85768101987159
147	57.68270862319317
148	55.40595143859057
149	52.89510511376435
150	50.35916777449564
151	48.2939416723678
152	57.1027775885025
153	54.17695176928851
154	51.203546362063435
155	48.50829816112995
156	48.624105437330776
157	46.943873559566754
158	45.558700717027826
159	43.916010117224225
160	41.9273670914749
161	39.79329309820818
162	38.09367099134486
163	36.51576819349095
164	42.20508980087253
165	43.22959985020064
166	41.550469834971274
167	39.70775592886154
168	37.769712573945164
169	44.48362238045282
170	42.869012032209874
171	40.95982569948897
172	69.85427343278238
173	66.76862359886002
174	63.342676888661245
175	60.40702667951315
176	65.6361483937672
177	63.76911010689237
178	62.66532726430466
179	63.13531424005105
180	60.64222864441198
181	60.248600621507364
182	60.032220237808176
183	58.30532359164864
184	55.36648624744585
185	63.09499669486001
186	60.66379687943992
187	57.78279806884551
188	54.815090797537266
189	51.76815144755403
190	49.02167425465021
191	46.34864484415106
192	44.00775487466658
193	41.543391321356324
194	39.38695119506633
195	37.052601037704704
196	34.968388524022856
197	33.22817899275745
198	31.397691200695803
199	36.84309476478257
200	35.154714670064905
201	33.35536784380242
202	31.279317314742343
203	29.54279540135093
204	28.971899048696
205	27.633187405676995
206	26.801742713580673
207	50.107058359024094
208	48.871637600138726
209	46.843636053727835
210	55.15315231791467
211	53.7650774294438
212	51.16589874099559
213	53.75808855964036
214	52.550739943310376
215	50.68756955071575
216	48.91929641684834
217	47.24175118897265
218	44.962524771178465
219	48.550148930987895
220	46.21141863351683
221	43.66885382045833
222	44.00962253756746
223	49.82379960240732
224	54.38157849841543
225	52.06703145648481
226	57.01353954057487
227	84.56213504816354
228	95.60577002218238
229	95.9203422837137
230	93.54433288964162
231	100.0
232	97.8219038927375
233	95.48640983784694
234	92.69532545373528
235	89.43627798894126
236	85.84807292122785
237	82.58038242685485
238	79.59988619261281
239	76.3657241218948
240	73.36773408243073
241	70.11961678075446
242	68.69257547292045
243	72.498130971938
244	76.36875567427184
245	84.14028013877959
246	81.59960586790336
247	85.58364895699422
248	83.76584362047768
249	88.79757097268993
250	89.39400002534603
251	87.04101813604865
252	84.12186383489471
253	81.32566295719855
254	80.420371751053
255	81.74276481500262
256	78.5615768365335
257	75.62576604048216
258	72.5473795619052
259	76.31201304416597
260	100.0
261	100.0
262	97.2304536877305
263	95.31339705306866
264	91.87419513349352
265	100.0
266	100.0
267	97.86652158508372
268	95.40586914364559
269	92.86908320576434
270	92.34101848215921
271	100.0
272	97.9057675883298
273	96.10960504640298
274	93.68939300048086
275	94.09156377394997
276	92.4950243551866
277	90.68938296138045
278	88.6104111178688
279	100.0
280	100.0
281	98.06693414610947
282	95.87501841495047
283	93.5219247025146
284	92.09491260003296
285	90.165866606068
286	92.38766326536296
287	100.0
288	100.0
289	100.0
290	100.0
291	98.44216479215305
292	100.0
293	100.0
294	100.0
295	100.0
296	100.0
297	98.4846705427132
298	100.0
299	98.4500936339607
300	96.84520989528758
301	100.0
302	100.0
303	97.58460839877164
304	96.21426983479309
305	94.860992386061
306	93.28300605208277
307	95.37526973095584
308	94.20118940763753
309	92.42943656706865
310	90.95551785892496
311	89.40121842789904
312	88.5130867925788
313	86.40491631262115
314	85.07936134760162
315	82.91657232305508
316	81.13832733203972
317	84.64014778539791
318	86.64604301423365
319	85.6675528440541
320	84.14856435081062
321	82.96839827272494
322	82.48021289198768
323	81.07616614359578
324	80.24903088925393
325	78.75965938239062
326	79.25962668547918
327	96.56128199263307
328	95.43457237106023
329	94.28849764842883
330	92.8569899966668
331	91.71258335709372
332	90.83122282942803
333	89.63427010455027
334	89.29050850740998
335	88.7326770916954
336	87.77443212730812
337	86.72251883246365
338	85.84279472729807
339	84.61478781281427
340	83.50200749025515
341	82.5677738712995
342	85.05916486122311
343	83.95902727290601
344	82.95337830127866
345	81.59597644872201
346	80.05274446244024
347	78.67634972030419
348	77.1951525075726
349	76.43385664265641
350	75.50951330472974
351	73.96897796208144
352	73.23779564317816
353	72.10055992050964
354	71.13779637262584
355	70.2720833993854
356	69.48260686241207
357	68.50813514180935
358	67.78310270762104
359	73.38513967596732
360	71.96112702074532
361	70.8111970999368
362	69.52285156678948
363	68.01302732794076
364	66.67842991373153
365	66.65163844092781
