1	4.8
2	6.3
3	5.7
4	6.5
5	7.3
6	6.5
7	7.3
8	7.6
9	7.2
10	7.0
11	5.3
12	3.9
13	5.3
14	3.8
15	4.6
16	3.8
17	4.9
18	5.3
19	8.4
20	11.6
21	13.0
22	7.0
23	6.3
24	7.0
25	8.2
26	6.7
27	7.2
28	12.2
29	8.9
30	8.9
31	9.2
32	5.9
33	4.2
34	3.7
35	2.9
36	4.9
37	3.2
38	4.9
39	6.3
40	11.8
41	8.5
42	4.5
43	3.5
44	2.2
45	4.6
46	5.3
47	3.9
48	3.1
49	3.5
50	5.7
51	7.0
52	6.1
53	6.5
54	9.7
55	12.0
56	13.9
57	16.9
58	10.9
59	6.4
60	9.0
61	5.3
62	8.4
63	7.6
64	12.5
65	11.4
66	6.2
67	5.5
68	3.5
69	5.3
70	8.6
71	10.3
72	16.1
73	10.7
74	13.7
75	15.5
76	9.8
77	9.6
78	8.7
79	15.2
80	15.3
81	9.8
82	10.9
83	6.9
84	5.3
85	7.9
86	8.1
87	5.5
88	4.4
89	5.9
90	9.1
91	14.7
92	15.2
93	11.1
94	8.8
95	9.4
96	14.8
97	11.6
98	8.9
99	11.1
100	15.6
101	17.2
102	8.6
103	15.1
104	13.9
105	6.9
106	5.2
107	6.3
108	12.0
109	15.2
110	15.6
111	18.8
112	9.1
113	8.2
114	11.2
115	12.7
116	14.4
117	12.7
118	14.1
119	18.2
120	15.2
121	16.4
122	17.9
123	19.0
124	20.6
125	21.9
126	22.4
127	20.4
128	19.7
129	20.7
130	19.1
131	17.1
132	16.4
133	16.5
134	15.4
135	15.1
136	17.3
137	20.7
138	21.6
139	20.3
140	20.2
141	24.3
142	23.4
143	18.3
144	18.1
145	23.5
146	17.6
147	17.6
148	18.5
149	15.6
150	14.5
151	17.4
152	17.6
153	19.1
154	20.9
155	22.1
156	20.2
157	21.4
158	23.1
159	21.4
160	20.0
161	22.6
162	22.6
163	24.5
164	23.2
165	18.6
166	23.1
167	25.8
168	26.7
169	24.4
170	25.2
171	26.2
172	25.9
173	26.1
174	24.2
175	25.1
176	26.2
177	26.2
178	26.6
179	28.0
180	26.4
181	25.6
182	27.0
183	26.6
184	26.2
185	27.2
186	26.8
187	27.1
188	25.4
189	26.4
190	25.5
191	27.3
192	26.3
193	27.4
194	23.8
195	26.1
196	28.4
197	28.5
198	28.3
199	28.3
200	29.8
201	30.8
202	31.5
203	31.4
204	30.8
205	30.8
206	29.5
207	28.6
208	29.8
209	30.0
210	26.3
211	26.8
212	29.2
213	29.8
214	29.4
215	29.5
216	29.8
217	30.0
218	29.6
219	29.2
220	29.2
221	26.3
222	27.7
223	28.9
224	28.7
225	28.3
226	29.4
227	31.4
228	32.2
229	32.3
230	30.4
231	28.7
232	27.8
233	28.6
234	29.9
235	30.3
236	29.7
237	30.1
238	29.9
239	30.0
240	30.1
241	30.2
242	30.5
243	30.8
244	30.4
245	30.1
246	30.5
247	31.2
248	30.1
249	29.8
250	31.0
251	25.8
252	24.6
253	26.0
254	28.4
255	28.1
256	28.7
257	25.8
258	23.0
259	20.6
260	24.5
261	25.9
262	26.0
263	25.9
264	27.8
265	28.1
266	19.8
267	18.3
268	17.8
269	19.3
270	16.3
271	18.9
272	22.4
273	19.2
274	20.9
275	21.2
276	20.9
277	20.4
278	22.6
279	22.0
280	21.1
281	20.9
282	17.5
283	19.8
284	23.4
285	22.5
286	23.0
287	21.4
288	21.3
289	21.4
290	20.9
291	19.4
292	18.6
293	18.9
294	18.4
295	17.7
296	16.4
297	15.4
298	17.9
299	16.7
300	12.6
301	10.0
302	13.9
303	12.3
304	15.9
305	16.6
306	16.6
307	14.6
308	12.1
309	13.9
310	15.4
311	14.9
312	16.1
313	16.8
314	14.3
315	14.1
316	15.3
317	16.2
318	15.6
319	11.9
320	10.0
321	8.8
322	10.9
323	11.7
324	13.3
325	14.1
326	14.1
327	13.8
328	11.3
329	10.6
330	12.8
331	12.1
332	13.1
333	12.3
334	12.2
335	13.5
336	13.9
337	17.0
338	12.4
339	11.7
340	12.9
341	12.2
342	9.2
343	9.1
344	10.6
345	13.1
346	11.9
347	8.2
348	11.2
349	10.6
350	6.1
351	7.0
352	8.2
353	7.4
354	10.7
355	9.9
356	13.3
357	12.1
358	8.2
359	5.6
360	6.7
361	7.2
362	7.2
363	8.1
364	4.9
365	5.8
