1	239.61911973566035
2	246.81874578126366
3	246.79766951097906
4	250.3284707365503
5	256.9755556408223
6	245.77198985542123
7	251.73752040708783
8	254.4092620639341
9	250.5675576208455
10	250.38344275209153
11	247.89115077899302
12	247.00311130798775
13	245.93695691774707
14	234.81801809959524
15	240.1459078526446
16	234.80334580622787
17	238.62536798521424
18	245.62068421141106
19	263.0375143816999
20	278.1961974561056
21	287.97650525769996
22	246.98069702438264
23	247.93808263437128
24	252.67453722451276
25	258.54632596433197
26	246.59685833398427
27	253.483504778212
28	285.1074138124548
29	267.34366867894164
30	262.384667946691
31	268.3420334409308
32	257.03094522938375
33	247.16482623533915
34	242.19775349154725
35	237.8741356291674
36	242.88658692074094
37	234.47079495941276
38	240.57629971463297
39	249.70933452018025
40	282.64176185449236
41	271.57979175239933
42	252.15138033274582
43	244.55264818038907
44	239.7342147614563
45	247.10027097121483
46	254.4574613434189
47	246.17665668729157
48	240.80880428494396
49	244.6289340266716
50	253.132557491657
51	253.19521363548952
52	248.93848084457707
53	256.54319198841523
54	272.88938737327317
55	287.13256781921575
56	301.22079929458346
57	323.4989977440592
58	288.7587896479568
59	261.80976850109585
60	275.807741711635
61	255.04789317821954
62	267.8633228264941
63	263.2326984663761
64	295.43715639881594
65	291.78985389356353
66	261.4981299125473
67	252.23621098876697
68	246.1483471462138
69	256.27675743942945
70	259.81261258905545
71	273.03122510322163
72	305.7657668414406
73	273.2224718092625
74	298.7612793389046
75	312.41129295383513
76	264.82422563168365
77	272.88855883919183
78	269.52498962461493
79	306.01592965115316
80	296.96464292596215
81	264.48309047917195
82	283.4701952812405
83	265.2377945143339
84	258.2124735150308
85	264.4352894698317
86	261.6713280842034
87	252.08626194661838
88	247.25365704893764
89	245.50684052581994
90	266.5660322557794
91	300.604409947654
92	311.6920271481667
93	272.1620081068381
94	267.1906672123502
95	280.96410072116953
96	309.47482974553776
97	289.3025790401927
98	262.3634721446462
99	277.6319994631395
100	309.41150343860545
101	319.8152631295848
102	272.49949544126775
103	311.87208236062224
104	284.6038419649214
105	262.66988965889016
106	253.36391181872924
107	260.44556591293923
108	284.1548091095485
109	303.13322109949706
110	314.303083974735
111	330.596132215731
112	274.5395989785522
113	273.7159735898187
114	279.5278184790581
115	282.2189252638924
116	290.6415485330415
117	293.20229566179887
118	311.4779123984291
119	322.3694840611595
120	298.8099380697334
121	303.7794855041968
122	309.9562483224514
123	324.50963931751943
124	342.49981241949854
125	353.82761723855464
126	353.898075731095
127	351.1088126908041
128	330.5226408483108
129	330.3178341585403
130	328.0678279770367
131	327.51403688061066
132	312.08871208768096
133	296.4127354556112
134	297.7954623022079
135	298.9765707163542
136	319.7762345201055
137	342.8822151377941
138	344.32594192735553
139	346.16747726850735
140	355.18970609403516
141	364.5729244216892
142	352.26158177988907
143	334.82322979625667
144	339.6902482037289
145	362.8524136196405
146	329.37927970388915
147	327.64879564000216
148	321.116730487789
149	312.22485548488015
150	304.1987006637183
151	316.8627672120256
152	317.2673359165559
153	326.1026827574876
154	340.59917421544014
155	350.76865875967593
156	342.84475562714357
157	343.8029957760628
158	359.18465542589627
159	348.2184852906526
160	342.1671860608509
161	355.8628409615375
162	358.42777821365144
163	373.89770971945075
164	364.3274005603544
165	341.271383245812
166	370.9362356916708
167	391.6196713540046
168	387.5606098286333
169	381.16564327004016
170	386.86903291501466
171	391.4193778595084
172	389.66326310151845
173	391.96007194202474
174	382.7256593172003
175	375.0036695024938
176	382.8667021293602
177	392.8467857776923
178	400.17606907730396
179	410.37390952625367
180	399.8329670545199
181	389.3524400959409
182	400.04376330383917
183	395.2250895802797
184	394.2298775199665
185	405.10054360524043
186	401.1164256010976
187	402.9417050622016
188	391.08036264440574
189	396.46013568232945
190	391.24522552836277
191	395.6216094071574
192	395.0401501602355
193	404.7190438434868
194	378.3325989088458
195	394.0903043761962
196	407.75330959766575
197	410.06899876368715
198	407.72126432915377
199	406.86025789246236
200	413.5973377765765
201	423.0325555059079
202	427.9345860715183
203	426.11986481697005
204	425.4774733111605
205	423.7859859774642
206	413.70016556683976
207	411.7489628071797
208	416.1744693187466
209	413.4712938521963
210	396.3789286686382
211	404.3315421242481
212	418.9874133125785
213	421.86553895698523
214	419.952935427131
215	417.6980538463398
216	419.38119434910135
217	420.95626405752597
218	415.30662610911094
219	410.3622890110942
220	411.3154806567628
221	397.07067199207006
222	407.87007686258374
223	414.9781963777319
224	414.0940660614385
225	408.5683104315216
226	417.75251377688414
227	430.7195437028294
228	436.6735090432469
229	433.85271438838106
230	423.83072858663445
231	412.6182984709101
232	401.39289064241547
233	407.8329000683075
234	419.3412829458641
235	423.50486041589716
236	420.891835657428
237	419.43731619155216
238	416.91145737179795
239	419.48017173424455
240	416.8936138255895
241	417.9099752741571
242	422.131315030491
243	423.7116757526745
244	421.1923709451156
245	416.20908360199564
246	420.3229861734984
247	415.48633603370484
248	420.4153617161484
249	418.67256582165
250	420.16236961116914
251	394.3122632881469
252	375.0141108098866
253	383.53383174714634
254	406.9289769705393
255	407.6604228739554
256	411.836332011307
257	387.46624128389175
258	364.25645518659616
259	357.6740210745218
260	375.6365182840437
261	380.26440215377767
262	388.33142207452914
263	391.0188837403242
264	402.8350314756758
265	405.2850837979671
266	350.06559009937484
267	329.0528067150595
268	321.7376408491549
269	329.82366611417996
270	326.8974150175714
271	344.4736920388768
272	349.3567491156148
273	343.47747563224556
274	351.7113506945156
275	348.5555073210062
276	346.5314858849325
277	352.8634056529162
278	363.23141212283036
279	354.4265767167819
280	349.30115863337795
281	347.27803903156007
282	332.8838260670764
283	351.06349853955237
284	361.05133041551073
285	366.3189101530585
286	369.5498407909433
287	353.5976511631906
288	353.46875302059
289	348.7747460951373
290	343.2390474461482
291	329.30091210149374
292	329.26016259102994
293	333.1813393772746
294	336.63079357377467
295	323.7969447531227
296	311.0495868471008
297	312.48496099601584
298	334.1586667394399
299	321.07206959283724
300	280.34223956360006
301	280.75669627791393
302	299.98423498293783
303	297.7570664691008
304	320.31158482356597
305	326.38313202302237
306	305.243556183697
307	289.9622346732981
308	283.2044866593363
309	294.2187916153218
310	304.5566295897387
311	304.57035038756857
312	312.5131024758966
313	304.96071001699397
314	289.17660414444987
315	289.3001290822535
316	305.6175937129198
317	306.93893027039314
318	309.3936041200751
319	289.2042741183995
320	270.1779216980388
321	273.60656126185347
322	279.46626936314647
323	281.449953749137
324	294.24922414811687
325	302.5828986984125
326	305.58986450167504
327	301.2609201351925
328	276.15491340498806
329	278.84785663986617
330	295.18484508293136
331	286.18296740088766
332	290.40229335796835
333	277.409497429714
334	277.70922681348975
335	289.33283026277314
336	296.15087338907716
337	318.861865352991
338	276.768792105776
339	281.35066606699115
340	291.7288592946501
341	286.53894282680767
342	266.5786586173076
343	264.1290873671763
344	271.70566952167746
345	289.84999467416765
346	278.12990864586754
347	270.3026701905212
348	290.0636490849823
349	276.05480206824154
350	254.35781605726982
351	255.32050536835715
352	259.5533722825537
353	257.0552855600528
354	274.71356487047956
355	274.06375344754116
356	296.4689441568592
357	275.2326070303584
358	258.0787101975253
359	244.1937450490549
360	248.80898669992305
361	248.7688375001054
362	255.1443092941484
363	257.25002506940496
364	246.49552808046602
365	246.29979798671374
