1	-1.0020400037732191
2	-0.8696748798159009
3	-2.1182154956228443
4	-0.8478370123849919
5	-1.5696931400167395
6	-1.3635596979796105
7	-1.0014019290124683
8	-1.316723501241782
9	-0.3205090238227717
10	-0.48129512342554825
11	-0.5549618583902323
12	-3.267390742985988
13	-0.5210436478147669
14	-1.3126254311532852
15	-4.595519094815768
16	-6.600326542628118
17	-2.097353995316488
18	-0.5375079273604397
19	-0.5623076951793688
20	-4.843833631048895
21	-4.943581702862508
22	0.7848959069828894
23	-3.819870674830054
24	-1.3290063096159566
25	0.017161374016461117
26	-0.07001516533511953
27	-0.9315950977373557
28	-1.7311352070709733
29	-0.5211745602316307
30	-0.6663074029106699
31	-0.4046734871460549
32	-0.984225090151619
33	-1.4352111715346285
34	0.14037625296752054
35	-0.5031942780601755
36	-0.7351017339505175
37	-5.078747276425971
38	0.8398536952684053
39	-1.8768342999037406
40	0.0173008202771765
41	-0.0005115941620612574
42	0.1975329579796723
43	0.540367771560585
44	-0.6906364033505916
45	-0.0015175104794469263
46	0.06912543091616019
47	-5.592192832337577
48	1.9814786987610429
49	2.4133602602361064
50	1.7079437495996679
51	0.5563764417030583
52	-0.2838632570905828
53	-0.18056867228585372
54	1.369865148028837
55	-0.42289637980701755
56	0.8653637261054392
57	-0.7237904043096366
58	0.10673504258613242
59	1.2006460732746174
60	-3.897648250433779
61	2.017990386498983
62	1.0236783762350372
63	1.9748841653994678
64	-0.1876502463906613
65	1.3647048776652735
66	2.5909441125965937
67	0.8808352251429401
68	0.23335860567921252
69	1.3905119655028253
70	1.2550330279832025
71	2.191143419214404
72	-0.23989541384739432
73	0.5325667476578637
74	1.41623346722153
75	1.1277185723986687
76	0.4809250710544921
77	0.9148240883129048
78	1.7258970691594957
79	-0.038301011813080876
80	0.5319660389174459
81	-0.11373653115730331
82	-0.9922356921215592
83	0.0950834950440349
84	1.0236482592025578
85	0.4550537660350553
86	-0.5954592758978317
87	0.7659715698802412
88	0.43119665802447216
89	0.11130887673961709
90	-0.7329358703672249
91	-0.47097177859993344
92	0.08094133199696074
93	0.8887957011518814
94	0.5715655622438902
95	-0.766090747626075
96	-0.7216146991296348
97	1.1444332736046334
98	-0.12474622816495895
99	0.9497736918172386
100	-0.5448571676867147
101	-0.12642555594706195
102	0.6980152604742571
103	1.3449544914055593
104	0.7330682753687121
105	1.3304644907622407
106	2.392788892295851
107	1.444211904798438
108	1.2761926256980995
109	1.590489797553154
110	0.8447608177069235
111	0.637464637623804
112	0.6022217190082451
113	1.099989677105846
114	2.21036706313752
115	2.1174768230155117
116	1.2894359099810977
117	1.0656198773480199
118	2.2288896031956824
119	2.7866451844972246
120	1.7352436943300553
121	0.9762062431513243
122	1.201379442521791
123	1.349189050787725
124	2.212172338831806
125	2.218264106758401
126	0.31126907881854393
127	1.5966482545218028
128	1.3104203737973563
129	0.6353044625819493
130	0.8763413043175099
131	1.1854299133851711
132	-0.31276663139601624
133	-1.0318619647583525
134	-0.15302230174200915
135	1.339097557615652
136	1.4093980201778535
137	0.24481524415589817
138	0.8492655655509367
139	0.37984611124385026
140	-0.028204486574495036
141	-0.5076090880610735
142	0.5657225381767041
143	1.2908916728957553
144	2.5690533094474297
145	1.0372362598245815
146	0.34864267592934084
147	-0.01105898387339721
148	0.016245129799418834
149	1.1046204540886713
150	1.7716070883304091
151	0.9963152915927616
152	1.2210821573003692
153	1.2207836383942237
154	1.1481834150964616
155	1.412037416689639
156	0.977024776952657
157	0.10044284525780256
158	0.5902411662606717
159	1.5247774930777354
160	1.5395802833279149
161	1.9178549845726742
162	1.6038350513825392
163	0.6989183620875359
164	1.1441276807358953
165	1.4751292207524003
166	1.8003599155855596
167	1.402024018687385
168	1.8643909799584861
169	1.5570078096279225
170	0.4209783553159383
171	1.3202584056204074
172	0.39905306912503846
173	0.3603350068112583
174	1.462953147763372
175	1.045801896095142
176	1.2662466746389498
177	0.4973733079866207
178	1.482523248602135
179	1.405772743974957
180	0.8873287514761721
181	0.7770389701705049
182	0.9857694163212507
183	0.6502783345682808
184	1.8490091320631912
185	1.485513147517814
186	2.130200120004364
187	0.6076819432919542
188	1.0507911628239448
189	1.7012925644119363
190	1.8738526418151906
191	1.357081190042173
192	1.3333158060737915
193	1.3673964164810215
194	0.8391869340816633
195	1.4310562505145867
196	1.012231127990944
197	0.677978570201553
198	0.14718351514289907
199	0.23374152458859498
200	0.9294038560397269
201	0.5572924221545286
202	0.7002878137023778
203	1.2341969056036888
204	1.0575285814381878
205	0.7205050213597417
206	0.30137434693579834
207	0.2811240399302619
208	0.12447346583182295
209	0.8467803615610947
210	0.5283189470812175
211	0.9523507072695807
212	0.6237649339018247
213	0.4818505562442894
214	0.10981068897996238
215	-0.21239803176464633
216	-0.07013576336784055
217	0.12002840256791103
218	0.7080757893972809
219	0.8890365584856994
220	0.3582051625433458
221	0.1621481429070748
222	-0.428255259236181
223	0.3912883120919588
224	0.4315332903763256
225	1.0086413796344686
226	0.5860480208785539
227	0.26723224832852566
228	0.4337499286545352
229	-0.00794438239930173
230	-0.11002880226769207
231	-0.834091580951899
232	0.3999210827596542
233	-0.24901058114357966
234	0.7282316588206292
235	0.8768292974479195
236	0.6323706846521446
237	-0.037400741530703385
238	0.0952156072085728
239	-0.19186609658476783
240	0.18410977146131557
241	-0.1622306350718219
242	-0.5806478880385129
243	-0.2122525804717732
244	0.10335673842399018
245	-0.8864528127753033
246	-0.47067503868981575
247	0.19274588168775608
248	1.1930808191751403
249	0.10115318401689422
250	0.6576134847123392
251	-0.1200186075785723
252	0.5951873990684291
253	0.15450562565624537
254	-0.01839071822470828
255	-0.09563567155541719
256	-0.7019283152934364
257	-0.48945925918104294
258	-0.6633023772397131
259	0.2719784116347519
260	-0.5508840477210377
261	-0.1222186083057295
262	-0.09163151321794061
263	1.144613120941802
264	0.6219353652944335
265	0.7450061998537301
266	1.4037229683619294
267	1.5248518673997964
268	0.9540102989675603
269	0.8101651586164991
270	0.3345314901558112
271	-0.2245822269122364
272	-0.07144754520242103
273	0.8088596141599211
274	0.7707257282755471
275	-0.3393533580739003
276	0.5260349661323254
277	0.8759971468793317
278	0.7963350459105492
279	1.0728639602593297
280	1.1767977914738097
281	0.995391349774259
282	0.4980983762574063
283	-0.18993377202380657
284	0.38480329812054137
285	0.9686455428138245
286	-1.3911554438994216
287	-2.464614041553208
288	-0.2734348914134088
289	0.04266036989470834
290	-0.7100387824839345
291	1.0563948482657217
292	1.442605283524081
293	0.9853227781276921
294	-0.4267262850655591
295	-0.003719330879086158
296	-0.06341745693930179
297	0.5223198348429214
298	-1.8468238104117916
299	-1.2363467733013067
300	0.1492611621488109
301	-0.4533975430488226
302	0.9251351266904795
303	0.34742183986011455
304	-1.096062373952936
305	0.30501632973944304
306	0.5245567521625105
307	-1.2320112283364164
308	-1.9187357673838967
309	-1.2816016042405192
310	-0.46177990939925095
311	1.89722990328303
312	0.9907673896541951
313	-0.42202155869678215
314	-1.7291846651771188
315	-0.9481788465619978
316	0.9773411150394331
317	1.8915580419650517
318	-0.19160526180015403
319	-1.1093238380241726
320	-1.0151879038919525
321	-0.4949582878515564
322	0.2964109161646675
323	-0.41468521148226856
324	-0.738901883847908
325	0.07656262553176418
326	-1.0723983698032757
327	-0.43500161654257674
328	0.4115720606153026
329	0.04215119872211659
330	0.3974445728063518
331	0.08713129050769197
332	-1.104415551521189
333	-0.7193511881381216
334	0.7201810953420367
335	0.499320769446971
336	0.3466820877424581
337	-0.07653910266946351
338	0.4048187478619898
339	0.3971362630777566
340	-0.3254645044196067
341	-1.0348657335888571
342	-0.7489745408200994
343	-0.9088951754073697
344	-1.1433157667812308
345	-0.9419817985138108
346	-1.126369662006466
347	-1.0446099806165687
348	-0.808972127867686
349	-0.46153014610053944
350	-0.03626936296486072
351	-0.33684167314111946
352	-0.153878457137977
353	0.4679851945696658
354	-1.4127383294289109
355	-1.3894552971393699
356	-1.01240909060526
357	-0.10916366649687603
358	-1.433692952244118
359	-0.5961222615985013
360	-1.1044205138907417
361	-1.7536477214633122
362	-1.542555431550865
363	-4.897482792667317
364	1.628886183106264
365	1.2733678164700768
366	-1.6096427197744179
