1	-6.592693273566642
2	-5.833216759830841
3	-2.5906591422790353
4	-5.160136082334966
5	-5.556118297643277
6	-5.966969410097615
7	-1.7456667078787227
8	-2.305811865470206
9	-2.37196836397751
10	-1.6323038502175713
11	-2.0382649039083693
12	-2.4621605560311073
13	-6.901100164075598
14	-4.718968990286704
15	-0.5193706030761689
16	-0.0743093622755886
17	-0.9536581796487491
18	-2.197662066470751
19	-2.1707976707922523
20	-2.2784806187607893
21	-4.873282174412871
22	-2.7945187626313017
23	-1.1384947867725836
24	-1.1931934160586577
25	-1.3691298521105049
26	-1.1993231892751597
27	-1.240449163956857
28	-0.7797194328962194
29	0.07103456878481307
30	0.03904910721201027
31	0.1071257878915377
32	0.6734305014922217
33	-1.2180615319405064
34	0.016563966045647582
35	0.1647683429910214
36	0.5861383343783912
37	-4.773051144619967
38	-3.15125592802644
39	-0.5119125112074405
40	-0.15069367988639026
41	-0.41420684377114636
42	0.10899228056135168
43	-0.7083506129200279
44	-0.1531208097658716
45	-0.6459894005494569
46	-0.6073032909631646
47	0.6333579144968944
48	-1.7193537194894661
49	-0.7747795764014134
50	0.10707351132466325
51	0.5688794743556871
52	0.7425199713700223
53	1.0044558481070638
54	0.2581052407666249
55	-0.2640348099518599
56	1.223174306994598
57	0.6988842620102176
58	-0.6999328798806479
59	-5.795441290312129
60	1.1584222416864183
61	-0.41355217018870594
62	0.2652056764010391
63	0.6322684687984026
64	0.674881551545294
65	-0.4147102876260149
66	-0.17210269239991582
67	0.23083482673473554
68	-0.7674268337594885
69	0.01861480403396243
70	1.7478851042917416
71	-0.046076807385876606
72	-0.3399162557814934
73	-0.6124643075896969
74	0.36661862609774865
75	0.542868594972088
76	-0.7180423526166813
77	-0.5315005052858304
78	0.06297346025755601
79	-0.5400108522638307
80	-1.2835576339349153
81	-0.5700675123214154
82	1.5996047657678947
83	-1.5217350331093122
84	0.8492253338379285
85	-0.17235620876256696
86	1.2742514117608543
87	0.8686473006104336
88	-1.0778258479738163
89	-0.648939241274598
90	-0.31923180791216854
91	0.1560851481293497
92	0.666568600955955
93	0.01804595142044718
94	-0.9033353564994293
95	0.2988129974264684
96	-0.40481907403975903
97	-0.41108241346616126
98	0.13918811583478075
99	0.006471285547048566
100	-0.416879937900843
101	1.0694991883894414
102	1.3587883495748674
103	1.0495229982115788
104	1.6265697851908705
105	1.151593427625686
106	1.2461035221528416
107	0.2030681805024308
108	0.10502221404055945
109	-0.5351848200632112
110	0.5412329112832488
111	-0.2501201731526326
112	-0.2647471584818639
113	0.4532501201786996
114	1.3766645660449583
115	0.11212557336586748
116	-0.677550918927011
117	0.3793723268836935
118	0.6832738358475918
119	0.12423944431071732
120	1.0319719272399652
121	-0.782535933825713
122	0.18322500688565313
123	1.6874564639003893
124	1.1719663592166256
125	0.6346031059426593
126	0.0051713645876780845
127	0.3272145345837352
128	1.3563820232916584
129	1.4064643424375696
130	1.632921957046893
131	0.01766661801955749
132	-1.2872324879606651
133	0.21692646299789864
134	1.0625093828676455
135	0.320988451022032
136	-0.22146571987441632
137	0.7110999366131274
138	0.8465298410897368
139	1.5954143761450403
140	1.0896200114021575
141	-0.9204260477220743
142	-0.01558459181946148
143	-0.49346344163232914
144	1.115288197730223
145	1.337472057971464
146	-1.0001084223398813
147	0.7869809628754254
148	1.1840467412900573
149	-0.3073759424554119
150	0.47756659590020334
151	0.3174783434332227
152	0.11639754583192286
153	-0.08562059821710832
154	0.06894708748508194
155	0.02948863136451152
156	0.5496684431201011
157	0.6705312014426532
158	0.9804051464979899
159	-0.1391681402850935
160	1.0367204474551066
161	-0.38322624978873776
162	1.0261268875621923
163	0.8891326042492871
164	0.34656357383425984
165	0.3087852257267727
166	0.5461448676980893
167	1.0815741621043706
168	0.3996937943889023
169	1.4274531734482245
170	1.4795873048851256
171	0.48454704355923184
172	0.1559423552274879
173	-0.19564854641411245
174	0.12081825958677683
175	0.37430143353660483
176	0.425441148524051
177	0.592261172876313
178	0.9328329186563842
179	-0.10446452296427822
180	-0.18334758711427668
181	-0.028654224171596354
182	0.37106328161174673
183	0.09038187561025524
184	-0.03129221295585438
185	-0.37440299015856837
186	0.8254290408987472
187	0.5609875367414183
188	0.09895489296890148
189	0.3320870327898362
190	0.37500965880400017
191	0.6147940718208638
192	-0.06118209341230596
193	-0.24638036615160885
194	-0.06991252843481277
195	-0.7999966400623109
196	-0.4436881180923855
197	-0.04172988595818694
198	0.7598136445490056
199	1.0926616807933414
200	1.1253912907895227
201	0.3318022663847735
202	0.9968578396251502
203	0.41826242690256166
204	0.9620266108154887
205	1.1371471974237437
206	0.8863430603824156
207	0.3450022770410932
208	0.14571839096499417
209	0.039748109560978406
210	-0.22872844852037844
211	0.6430718685307042
212	-0.3381026821418267
213	0.19148552051355594
214	0.21452842758780122
215	-0.41567813178775737
216	-0.7645516304217423
217	-1.35457213735058
218	-0.36807954153660205
219	-0.30815619524517857
220	-0.18685572532600503
221	0.8154757912488506
222	0.14666015852649394
223	0.17019118037817904
224	0.14596329261962637
225	0.7599356066867813
226	0.1882739487269518
227	0.7534828899006882
228	0.9732706027590865
229	1.1714869988477936
230	0.9351659502707967
231	0.5092665886744143
232	0.16947066677969858
233	-0.1101916662185829
234	-0.7454572765980814
235	-0.9424550512758714
236	-0.10378105257142423
237	-1.0440924260576239
238	-0.48676461379546154
239	-1.1073335977512784
240	-0.7378890405216296
241	0.41326071540281717
242	-0.8267388181700994
243	-1.4473268156141472
244	0.26453714903841075
245	0.4225397476114594
246	-0.21174169993503966
247	-0.5517851366617279
248	-1.5225556578557686
249	-0.560967158344507
250	0.5207345817157183
251	0.32723396572596286
252	0.07784653707507516
253	-0.19893193314112523
254	0.010987323770535795
255	0.7226848348249142
256	1.3306740890659938
257	0.8282283136282409
258	-0.47684526579383046
259	-0.3157843534102902
260	0.5238127879255288
261	1.1871793687448111
262	-1.179260228274373
263	-1.4006250003516811
264	-1.0528370770370081
265	-1.0178579243697747
266	-0.9805020346003026
267	-0.49275312522289383
268	-0.7357477584772916
269	0.24180162685939877
270	1.1356215866161747
271	-0.2758952987094183
272	-0.3719500902376147
273	-0.4909651600496616
274	0.563356934434605
275	1.3942451257865969
276	0.22066086422772457
277	-0.4832998993755844
278	0.7914898556624976
279	1.3243589591926224
280	-1.0177091233008255
281	-2.532316363077335
282	-2.0456968436696563
283	-0.2582139353178654
284	-0.6116288748638681
285	-0.42399392750812837
286	-0.19862524291838568
287	-0.8393375949148769
288	-0.14082011799956007
289	-1.326644451245926
290	-0.3778688604022875
291	0.3042877543839886
292	0.493021373786636
293	-0.20288040723416145
294	-0.5170185872517976
295	0.49000174544927333
296	1.1190777292337124
297	1.3262298478254575
298	0.5696589079229675
299	0.1361318181182689
300	0.3696804574534518
301	0.6825473491048761
302	1.2514701203253225
303	0.03349447437628328
304	0.1491923725593587
305	-0.9623538771308802
306	-0.4814874682512382
307	0.10378336320725978
308	-0.052496603202730086
309	0.6353908576133129
310	0.12079404074819422
311	-2.1869023680210233
312	-1.2488279719288293
313	-0.262867034561566
314	-0.17454507745629044
315	0.05647238941542909
316	-2.0012443096226757
317	-1.3576029385409214
318	-0.6309625107053449
319	-1.1407099072998736
320	0.23809358930872015
321	-0.7892216284421405
322	-0.48728747936541694
323	0.05150266090896949
324	1.4191766750431043
325	0.18560855551100985
326	-0.23662363893176952
327	-1.4791053138100274
328	-0.6207775010829302
329	-0.26190541628094444
330	-0.45708282302000214
331	1.3181355311982141
332	0.5473612969032668
333	-0.18762962089675206
334	-0.000321453303701702
335	-0.5155194363893649
336	-0.7844719545394785
337	-1.0133847283815722
338	-0.9592587712503713
339	-0.691101365956535
340	-0.6219217679348095
341	-0.7699315937360023
342	-0.8391378321486513
343	0.37267606710592993
344	-0.09525101699362892
345	-1.822209656043091
346	-0.8290809165944832
347	0.32102269881778156
348	-0.21461649224536217
349	0.8518809828038698
350	-0.1320322010338515
351	-0.7703791940972078
352	-1.4167985157676233
353	-1.9347964270739855
354	-0.8412237936994158
355	-0.4623682165859364
356	-0.47243137916688127
357	-0.19873263904223926
358	-1.3284177423749632
359	-0.875170328825102
360	0.647301069016871
361	-0.9532210973332695
362	-1.593962586906592
363	-1.7474798064227945
364	-1.7865068824821542
365	-1.5960910958361119
