1	4.5
2	4.8
3	7.3
4	11.6
5	5.3
6	3.4
7	7.8
8	6.0
9	4.6
10	5.4
11	6.2
12	4.3
13	6.4
14	7.1
15	4.1
16	5.3
17	7.4
18	8.4
19	7.4
20	6.8
21	6.3
22	5.6
23	3.3
24	5.4
25	8.1
26	4.0
27	6.0
28	6.7
29	7.6
30	6.9
31	6.0
32	4.4
33	4.8
34	5.2
35	7.2
36	6.4
37	6.1
38	6.0
39	4.5
40	7.5
41	9.0
42	5.5
43	5.3
44	5.0
45	6.1
46	8.2
47	4.5
48	8.2
49	6.2
50	3.2
51	7.7
52	6.0
53	6.9
54	12.1
55	7.1
56	3.6
57	4.4
58	4.7
59	6.4
60	5.3
61	5.7
62	5.5
63	2.1
64	4.6
65	3.8
66	7.1
67	10.6
68	12.0
69	9.4
70	9.4
71	10.0
72	4.9
73	6.1
74	7.6
75	11.8
76	12.1
77	12.8
78	9.1
79	8.1
80	11.5
81	13.6
82	10.8
83	10.9
84	8.0
85	8.7
86	12.4
87	11.0
88	11.6
89	10.4
90	11.0
91	11.7
92	11.2
93	14.9
94	8.5
95	12.6
96	17.8
97	20.1
98	19.3
99	15.3
100	18.2
101	13.3
102	7.8
103	9.0
104	13.6
105	16.4
106	14.6
107	16.3
108	13.8
109	15.2
110	12.8
111	15.7
112	14.9
113	15.5
114	13.7
115	14.8
116	15.6
117	16.6
118	21.3
119	23.0
120	19.6
121	20.0
122	20.5
123	17.5
124	19.3
125	19.3
126	13.3
127	15.1
128	15.7
129	18.0
130	18.3
131	13.8
132	13.6
133	12.6
134	12.9
135	14.9
136	16.2
137	16.1
138	19.4
139	22.7
140	19.3
141	20.5
142	20.3
143	19.7
144	17.9
145	17.2
146	18.6
147	20.2
148	20.9
149	17.8
150	17.0
151	19.2
152	22.1
153	20.6
154	19.1
155	18.6
156	21.1
157	22.1
158	20.5
159	21.6
160	22.8
161	21.2
162	22.5
163	25.2
164	23.7
165	21.4
166	19.5
167	19.1
168	20.7
169	22.6
170	23.3
171	24.8
172	25.1
173	23.1
174	24.2
175	26.3
176	27.1
177	27.2
178	29.0
179	30.8
180	24.5
181	24.7
182	25.3
183	25.8
184	20.8
185	20.9
186	24.3
187	21.7
188	24.4
189	23.8
190	21.3
191	26.5
192	28.5
193	21.9
194	21.9
195	23.1
196	27.1
197	27.8
198	28.0
199	29.0
200	29.3
201	26.5
202	26.9
203	25.1
204	23.1
205	24.6
206	27.4
207	25.4
208	30.3
209	28.2
210	28.1
211	28.8
212	28.3
213	28.4
214	28.1
215	28.9
216	30.4
217	31.0
218	30.3
219	29.7
220	29.1
221	28.2
222	28.0
223	28.2
224	27.2
225	26.8
226	28.4
227	29.2
228	26.5
229	27.4
230	28.4
231	29.7
232	29.7
233	29.4
234	28.4
235	27.7
236	24.3
237	24.6
238	29.3
239	28.3
240	25.1
241	26.7
242	26.5
243	25.7
244	27.3
245	28.3
246	28.2
247	26.7
248	23.8
249	24.6
250	27.4
251	28.7
252	25.2
253	27.2
254	25.7
255	26.5
256	28.4
257	28.8
258	24.6
259	22.7
260	23.4
261	25.5
262	26.4
263	25.0
264	24.0
265	22.2
266	25.2
267	22.5
268	20.3
269	21.6
270	20.2
271	19.9
272	20.2
273	20.7
274	22.5
275	25.5
276	23.7
277	19.5
278	19.1
279	19.5
280	21.7
281	23.3
282	19.0
283	17.6
284	19.2
285	19.4
286	19.4
287	21.4
288	22.2
289	19.2
290	17.9
291	17.1
292	17.8
293	18.7
294	18.7
295	17.2
296	17.6
297	18.7
298	19.2
299	16.2
300	15.7
301	17.5
302	18.2
303	17.5
304	15.2
305	14.6
306	14.7
307	15.6
308	17.0
309	17.4
310	14.8
311	18.7
312	17.7
313	15.5
314	14.8
315	13.4
316	14.0
317	13.8
318	12.9
319	10.7
320	11.1
321	10.3
322	10.4
323	10.8
324	10.0
325	9.3
326	10.5
327	11.4
328	12.6
329	12.1
330	12.4
331	12.0
332	13.1
333	14.8
334	11.3
335	9.8
336	10.5
337	8.4
338	6.8
339	7.9
340	7.2
341	8.3
342	8.1
343	9.2
344	9.5
345	6.5
346	5.6
347	5.4
348	5.5
349	5.2
350	6.2
351	6.9
352	3.6
353	4.2
354	6.4
355	7.0
356	5.4
357	5.3
358	4.6
359	5.3
360	5.6
361	4.8
362	4.7
363	5.2
364	5.3
365	5.1
