1	245.52953124811035
2	242.72193893291706
3	257.05793613960475
4	277.0986472565188
5	241.92310589909042
6	240.35912381431106
7	260.3191594635991
8	243.3394094431749
9	240.04573766884403
10	242.6256067361111
11	247.98101331422583
12	239.91783649178757
13	244.30501601534277
14	253.49454656964363
15	251.4835414723681
16	257.58693439502497
17	258.5743041448195
18	255.91819342474196
19	260.5578002777086
20	255.60503154693168
21	245.30785215073698
22	241.899596117643
23	240.58554986282692
24	253.50173616669287
25	257.7818365946155
26	247.8438292884568
27	249.98013915580395
28	256.38421740865084
29	264.17460372938257
30	249.75906066375336
31	245.10080184742426
32	237.2165761504411
33	237.31150484233953
34	240.62351601635518
35	247.94539723941085
36	247.28186570310706
37	243.15722504989853
38	248.37598537044818
39	253.24527552846826
40	265.59072351406223
41	264.00351663198603
42	241.46891026592334
43	240.29969620827248
44	245.09195208914323
45	245.8768023464447
46	254.50298872897704
47	252.97335386081417
48	262.97645779492586
49	251.79393620888627
50	247.98010667635782
51	264.72888850812615
52	250.40942230446083
53	248.598756706641
54	273.08510385080086
55	256.9904367134865
56	247.9421417088242
57	239.82927254850085
58	239.1040971620774
59	249.64644538823515
60	241.5110911749712
61	246.94945053293355
62	251.95454997273066
63	241.40634559508382
64	249.82679565939958
65	244.87007430575673
66	255.8160773832703
67	275.6375183413513
68	279.13236039906974
69	271.07800028711534
70	278.796282057061
71	272.1681642261196
72	241.2378350433278
73	242.98314678919814
74	255.9236642218075
75	275.52792146097187
76	290.8789869074452
77	281.80379511762106
78	255.5727571889908
79	256.6528341124702
80	269.6245931816591
81	299.1223188163906
82	288.1571636738765
83	278.3041711774437
84	252.617225072303
85	256.37934474387276
86	278.3615907938038
87	286.9822222784001
88	278.28550151570556
89	262.13729695251317
90	269.80288596975
91	271.942606901319
92	278.63253223596274
93	300.5149608951893
94	267.0215938548018
95	284.2244932313827
96	312.49621199629377
97	330.1843866126337
98	314.6597105437804
99	296.9990112334084
100	328.8566828524032
101	302.7816636863235
102	269.8159408638766
103	277.1350169016543
104	290.5052906582872
105	311.40822942472795
106	297.85537275507517
107	306.41683221878833
108	288.74075894398146
109	301.56324698355195
110	299.1923932964274
111	310.47592631193675
112	293.4627378894676
113	288.2518018604538
114	289.92176524074836
115	305.56327812442476
116	316.6853809733245
117	314.4968573742488
118	338.751297200833
119	353.3131783151387
120	316.4973064459012
121	342.03673648983806
122	338.3105485133987
123	302.0463357067695
124	328.8243285773427
125	324.73303721191127
126	297.76263334455416
127	311.8167164406267
128	310.635525388193
129	325.05047351024
130	309.898614314219
131	292.13522845124254
132	298.5966582160207
133	292.60581902379863
134	292.98264309225567
135	305.00980797670417
136	296.71807446054527
137	309.5462776525901
138	335.1649584181788
139	357.6398274494774
140	316.82474446328195
141	331.4855113418249
142	341.0519999089094
143	338.0144883352624
144	326.9205148683714
145	317.83226664803124
146	320.8649788968837
147	338.0671298442111
148	341.67633040188554
149	327.9466144036358
150	330.3590522057057
151	336.9539840636191
152	353.9405287864887
153	348.38468794536743
154	343.29884684639234
155	338.05568658661616
156	349.35235482444006
157	351.4043000497364
158	345.07509456686546
159	348.95176896344776
160	362.04845719920166
161	360.57451348029247
162	367.5729207690757
163	381.96527708821634
164	367.26377758617093
165	354.8971800042799
166	347.848212712339
167	342.7519330336015
168	352.77725792140745
169	365.71265034872863
170	369.94581804982994
171	375.7239737003862
172	378.11850247822315
173	371.6155132693796
174	378.9360290212024
175	390.00010535532414
176	395.483701171915
177	398.0357945875792
178	407.9796321799668
179	416.55928449846164
180	383.87342357464485
181	387.31509094302805
182	390.2751126177171
183	388.9143263358936
184	354.6982148538517
185	361.0201610961182
186	379.06474387084563
187	363.24283866524354
188	380.4510820853684
189	371.0715204038087
190	360.7696357437611
191	394.56151587665954
192	407.14274324276346
193	362.998761672703
194	359.28223333864474
195	373.4581990064605
196	399.354948330732
197	406.58934874274007
198	408.2618434219722
199	411.9583659686231
200	402.17539867613544
201	378.0479227014415
202	393.24544268684554
203	383.34255142380465
204	365.70838548836235
205	381.43159913605615
206	403.3040534549563
207	395.3495838049654
208	406.0704641189563
209	391.11571444682886
210	406.826735640433
211	412.6517163789769
212	409.2072984808764
213	410.7281782308907
214	409.0546235229339
215	414.25211206968424
216	423.02399447370425
217	422.8154273150926
218	416.8997146505303
219	413.69054882647447
220	407.87915515203844
221	405.42153414515536
222	408.2618434219722
223	404.6562341446352
224	403.7634836845575
225	400.475261768938
226	410.03783106644414
227	415.260236362961
228	395.24671298336483
229	396.3133657660208
230	407.6882768669079
231	414.36872845100595
232	413.5115248381512
233	412.7673453299022
234	408.5687067634849
235	405.0588368760056
236	378.39784979270667
237	387.7212108124316
238	413.77151031006514
239	404.6139075802805
240	378.2342514246745
241	385.7382613002124
242	390.051440126818
243	384.4713701715862
244	393.7625179323908
245	399.48052457973637
246	402.9820593356459
247	397.51934481845365
248	381.34390429248424
249	387.7212108124316
250	405.3390774756682
251	406.05649508516035
252	379.7748960063371
253	394.8635409454984
254	391.49039770335844
255	392.0461611609097
256	407.0144733412411
257	409.3365802242807
258	369.5558699472106
259	352.27588338694784
260	361.0253201098948
261	381.6969768085544
262	392.14887705934575
263	382.5418757075257
264	370.4604478613748
265	364.06803313543776
266	382.67493000897514
267	370.56134623798397
268	346.0921453967658
269	348.0966804626176
270	341.0087624400111
271	336.2355517300269
272	337.2344828743309
273	340.97246282995445
274	355.7866174669939
275	380.2019758018575
276	360.4811919611213
277	346.7652534914774
278	344.9111316724165
279	343.87445917457484
280	358.3335364200638
281	374.410815899578
282	342.57301284632655
283	335.5981988422002
284	340.08212425230977
285	334.5202795514182
286	332.98683286263827
287	350.8102892898305
288	360.8971317261691
289	344.002584236088
290	337.24895077631464
291	330.56749703154173
292	326.796108961965
293	325.75226199989606
294	331.6618031435967
295	329.2438840984402
296	315.6923764936098
297	325.78209326021687
298	322.81655386894556
299	314.9835151637305
300	316.762281098151
301	326.5618303018852
302	331.2402539858058
303	316.9472097756963
304	303.5682441687078
305	294.4976806525614
306	299.1866556173552
307	307.29673006282866
308	315.678989865332
309	317.10388679415973
310	310.43516591544335
311	325.81192452053756
312	308.80830411276315
313	296.0750264801006
314	299.16205114602167
315	295.41301073919976
316	295.7254770773004
317	291.43959131602844
318	295.79144600141166
319	279.8740023277625
320	274.3826198371177
321	267.47614717445356
322	269.97678182969435
323	268.73862676918486
324	267.03037418778825
325	267.3015600843923
326	274.21249852431083
327	283.1182794229901
328	289.41084046316934
329	286.49180222195093
330	286.89788886384724
331	284.8095801253753
332	290.40229335796835
333	295.9761805300725
334	269.76803763332873
335	265.1257514580742
336	271.5186699040854
337	259.5195692800832
338	259.3929837279057
339	258.2757768221843
340	260.61981527803533
341	261.3313309120193
342	261.5678611486578
343	266.1474268674202
344	264.2756807759491
345	250.17222342346778
346	246.66170516716113
347	243.03752914307995
348	245.85889589722512
349	245.74998618720574
350	248.2624162999624
351	248.68287837999705
352	231.61628475858524
353	236.42249349835254
354	246.91154243572078
355	253.58341354494252
356	242.89608797652136
357	241.39727885526833
358	241.01598075471577
359	244.0365775133207
360	242.33639311904554
361	237.12307089816042
362	237.4898793119606
363	239.98176798516377
364	245.44478864255808
365	239.64056479868677
