1	6.2
2	6.1
3	4.9
4	4.7
5	3.7
6	4.6
7	6.3
8	5.5
9	8.5
10	7.5
11	5.3
12	2.7
13	2.7
14	4.1
15	4.2
16	7.1
17	6.9
18	8.3
19	8.4
20	6.3
21	7.0
22	1.7
23	3.7
24	2.2
25	0.0
26	0.5
27	2.6
28	1.7
29	3.7
30	3.3
31	3.9
32	3.0
33	1.9
34	4.5
35	5.4
36	4.3
37	3.3
38	3.4
39	3.6
40	4.2
41	7.0
42	8.5
43	4.4
44	3.9
45	6.0
46	9.6
47	6.3
48	5.8
49	3.5
50	5.7
51	7.5
52	5.9
53	2.7
54	3.7
55	7.4
56	5.6
57	6.0
58	7.7
59	9.1
60	12.4
61	9.4
62	9.7
63	13.9
64	15.6
65	8.3
66	5.2
67	5.9
68	11.6
69	7.3
70	9.2
71	9.9
72	11.6
73	14.3
74	15.9
75	13.2
76	7.4
77	11.3
78	13.0
79	8.4
80	3.8
81	9.5
82	11.9
83	11.3
84	13.0
85	14.1
86	15.7
87	17.2
88	18.1
89	13.8
90	13.4
91	16.0
92	17.9
93	17.9
94	20.1
95	13.3
96	18.1
97	16.2
98	11.9
99	13.7
100	13.6
101	17.6
102	19.1
103	15.5
104	15.2
105	17.9
106	14.7
107	12.7
108	12.7
109	16.2
110	18.7
111	18.9
112	20.5
113	16.5
114	18.0
115	19.0
116	18.9
117	18.5
118	20.1
119	20.1
120	20.8
121	22.3
122	20.4
123	21.9
124	18.0
125	18.3
126	21.0
127	17.9
128	12.9
129	12.1
130	12.1
131	16.4
132	18.8
133	17.9
134	21.1
135	22.3
136	23.5
137	24.0
138	23.4
139	21.5
140	16.8
141	20.3
142	21.0
143	18.6
144	20.7
145	22.8
146	21.4
147	21.3
148	21.6
149	23.0
150	21.1
151	19.5
152	21.7
153	21.9
154	22.5
155	23.5
156	23.2
157	20.3
158	22.2
159	23.7
160	25.7
161	20.0
162	18.9
163	20.5
164	21.5
165	20.6
166	17.6
167	15.9
168	18.7
169	19.4
170	22.7
171	20.8
172	21.2
173	23.1
174	20.6
175	21.3
176	26.2
177	25.7
178	27.7
179	27.4
180	28.2
181	28.6
182	28.1
183	28.8
184	28.4
185	27.6
186	26.7
187	21.7
188	25.0
189	27.4
190	27.3
191	28.5
192	29.0
193	26.6
194	29.1
195	30.1
196	29.7
197	29.9
198	29.9
199	30.5
200	29.9
201	29.9
202	30.5
203	31.0
204	32.2
205	29.8
206	28.1
207	26.5
208	25.4
209	24.0
210	27.9
211	28.0
212	28.4
213	30.3
214	31.2
215	30.5
216	29.8
217	30.4
218	28.7
219	22.2
220	23.6
221	27.4
222	29.8
223	28.7
224	27.7
225	27.5
226	28.8
227	29.7
228	29.1
229	26.3
230	22.7
231	23.6
232	24.7
233	28.2
234	29.7
235	29.4
236	28.2
237	31.1
238	31.0
239	29.4
240	26.6
241	26.1
242	28.8
243	28.7
244	25.9
245	22.1
246	23.6
247	26.5
248	27.6
249	27.6
250	27.5
251	28.8
252	28.3
253	25.5
254	21.4
255	21.0
256	22.4
257	21.9
258	20.5
259	23.1
260	24.7
261	23.3
262	22.2
263	19.9
264	17.7
265	21.5
266	24.5
267	24.4
268	21.3
269	17.7
270	15.9
271	19.7
272	18.8
273	20.4
274	26.1
275	22.0
276	21.0
277	20.1
278	18.7
279	23.7
280	27.5
281	21.9
282	21.9
283	22.4
284	21.7
285	20.0
286	17.4
287	16.4
288	18.1
289	18.4
290	18.2
291	17.2
292	16.6
293	16.6
294	16.6
295	16.6
296	14.6
297	17.7
298	18.1
299	18.0
300	19.1
301	16.9
302	17.0
303	17.0
304	15.0
305	14.7
306	14.5
307	14.9
308	14.8
309	18.0
310	17.6
311	16.6
312	16.9
313	15.6
314	18.1
315	16.3
316	15.7
317	14.9
318	13.6
319	12.5
320	13.0
321	14.9
322	13.8
323	13.4
324	11.3
325	11.6
326	10.7
327	10.8
328	9.4
329	10.1
330	12.4
331	13.8
332	14.1
333	12.8
334	12.4
335	12.0
336	10.0
337	13.2
338	17.7
339	16.8
340	10.1
341	12.2
342	9.3
343	7.8
344	5.9
345	4.7
346	6.9
347	6.7
348	6.3
349	6.1
350	3.3
351	6.6
352	8.9
353	8.2
354	8.7
355	8.9
356	9.0
357	9.9
358	8.2
359	5.8
360	7.3
361	9.0
362	4.8
363	4.3
364	4.8
365	4.9
