1	6.7
2	5.5
3	7.2
4	8.0
5	6.3
6	6.4
7	6.1
8	9.0
9	4.4
10	5.9
11	7.0
12	7.7
13	7.4
14	6.0
15	3.7
16	4.2
17	6.9
18	5.1
19	6.2
20	6.4
21	5.7
22	5.7
23	3.2
24	3.6
25	5.7
26	6.5
27	8.2
28	5.6
29	6.1
30	7.4
31	8.1
32	4.6
33	4.3
34	6.8
35	8.0
36	6.9
37	11.7
38	16.5
39	6.1
40	5.5
41	6.5
42	5.2
43	6.9
44	7.7
45	6.5
46	5.6
47	10.2
48	9.9
49	11.2
50	7.6
51	6.9
52	4.9
53	10.2
54	8.0
55	6.6
56	6.1
57	7.3
58	8.9
59	8.6
60	8.4
61	6.1
62	7.5
63	8.5
64	10.1
65	11.9
66	11.7
67	5.9
68	6.3
69	5.3
70	8.2
71	4.9
72	6.4
73	8.9
74	4.5
75	6.0
76	6.8
77	7.6
78	7.1
79	6.1
80	7.9
81	9.9
82	11.2
83	12.1
84	14.2
85	12.8
86	13.8
87	10.4
88	8.1
89	9.0
90	12.1
91	13.3
92	15.1
93	15.4
94	14.2
95	9.2
96	10.4
97	11.6
98	10.9
99	9.4
100	9.4
101	9.4
102	9.9
103	9.0
104	11.6
105	15.1
106	15.9
107	15.3
108	19.4
109	14.7
110	10.4
111	10.2
112	14.5
113	18.6
114	20.5
115	19.7
116	14.7
117	20.3
118	14.7
119	9.0
120	10.4
121	10.3
122	9.2
123	14.3
124	13.9
125	14.8
126	17.4
127	18.4
128	16.7
129	17.6
130	15.4
131	19.6
132	21.1
133	24.6
134	13.6
135	15.5
136	16.1
137	18.0
138	17.8
139	20.1
140	20.7
141	19.1
142	18.3
143	21.3
144	20.0
145	21.5
146	21.4
147	20.8
148	22.6
149	20.5
150	20.0
151	20.1
152	19.6
153	19.0
154	20.7
155	21.0
156	19.6
157	17.8
158	18.8
159	20.7
160	17.8
161	20.1
162	20.6
163	20.9
164	21.3
165	22.2
166	25.2
167	27.2
168	26.1
169	23.2
170	22.1
171	24.0
172	22.7
173	23.0
174	20.4
175	21.7
176	22.8
177	22.2
178	24.9
179	24.5
180	21.1
181	19.2
182	18.8
183	18.9
184	22.8
185	23.9
186	19.5
187	21.4
188	19.3
189	20.5
190	21.7
191	21.0
192	22.9
193	23.3
194	25.6
195	26.2
196	24.5
197	22.6
198	22.7
199	20.9
200	20.4
201	18.9
202	18.4
203	20.3
204	20.6
205	19.9
206	23.2
207	24.5
208	28.1
209	27.2
210	26.0
211	24.9
212	27.5
213	28.1
214	22.6
215	19.3
216	20.9
217	21.6
218	19.2
219	21.7
220	21.7
221	21.1
222	22.1
223	27.2
224	27.7
225	26.5
226	26.2
227	26.8
228	22.6
229	23.4
230	24.8
231	24.6
232	27.4
233	27.0
234	27.9
235	28.2
236	28.1
237	27.8
238	25.6
239	24.4
240	27.5
241	26.4
242	25.3
243	26.5
244	27.1
245	24.6
246	22.7
247	25.3
248	25.5
249	23.3
250	20.9
251	20.3
252	19.9
253	24.7
254	24.4
255	23.1
256	23.9
257	24.0
258	23.3
259	24.8
260	24.9
261	27.9
262	24.5
263	23.5
264	20.7
265	16.9
266	17.1
267	20.6
268	21.4
269	21.8
270	21.7
271	20.8
272	21.3
273	24.9
274	19.7
275	20.4
276	17.2
277	18.6
278	19.7
279	17.6
280	16.1
281	16.3
282	20.1
283	20.4
284	19.6
285	19.1
286	19.8
287	15.5
288	16.4
289	15.5
290	16.3
291	19.0
292	16.8
293	17.6
294	16.4
295	18.2
296	17.7
297	15.9
298	15.9
299	15.9
300	15.4
301	13.9
302	15.4
303	18.4
304	18.2
305	15.1
306	15.8
307	16.0
308	15.4
309	17.2
310	16.9
311	16.0
312	11.0
313	13.5
314	13.3
315	12.4
316	14.2
317	15.9
318	19.4
319	19.6
320	16.5
321	15.2
322	15.6
323	16.5
324	11.3
325	14.9
326	13.7
327	12.9
328	10.0
329	9.7
330	11.1
331	10.8
332	10.5
333	10.9
334	11.6
335	15.2
336	13.6
337	14.4
338	12.0
339	10.0
340	6.1
341	7.9
342	6.4
343	9.5
344	8.4
345	9.8
346	9.5
347	10.2
348	8.9
349	6.2
350	5.4
351	6.5
352	6.4
353	5.5
354	5.8
355	9.6
356	6.9
357	4.3
358	7.8
359	8.2
360	8.9
361	10.4
362	7.6
363	7.4
364	6.2
365	9.7
