1	6.016149549259366
2	5.4385678785786125
3	8.12186812311774
4	7.543168825017566
5	5.795925759463784
6	5.038304760288102
7	5.94755279779969
8	8.569504832469722
9	-1.6305685940512307
10	6.001327013615589
11	5.727080903442547
12	6.063210673475051
13	6.699764552386031
14	6.6952232639667875
15	-0.6398957436919455
16	0.09598173282104394
17	7.441568773114688
18	4.441850607461872
19	5.932080814603327
20	5.74879212277111
21	4.931243769634373
22	4.87384929739079
23	-1.1211500278006215
24	0.33162169032591304
25	6.842969247368976
26	7.669276737513953
27	9.15938232299353
28	5.610292545943717
29	4.773122995271662
30	6.689545220827113
31	8.134857516073403
32	2.8216948263027595
33	3.4754653298044706
34	6.103476254077214
35	7.25975404743395
36	5.9443240683579175
37	11.02312707427377
38	15.784824329281228
39	5.232488063064145
40	3.9011207512690005
41	5.998687851074904
42	4.503786106598851
43	6.6211339174137
44	7.56460870595336
45	5.920499718466377
46	4.762407163905546
47	8.611236602919114
48	10.975639517558065
49	11.11286657490394
50	7.22281389811318
51	6.690104943688499
52	-0.6093905209854791
53	11.683771325268676
54	8.312942992016367
55	6.212816601846593
56	5.859235677909665
57	7.039082266764033
58	8.818829849552394
59	10.53078218353588
60	8.625200874248481
61	6.373255843185151
62	7.73964535642673
63	8.34822859672645
64	10.913340918098005
65	12.151270974804937
66	12.230731571370672
67	7.35219908171474
68	7.518824136082478
69	5.970513901145696
70	8.607676613136771
71	-0.277401958004142
72	6.6126347266067524
73	8.518736768613163
74	-0.10600260001344086
75	5.968815678499982
76	6.870573901520362
77	8.175533854095818
78	8.314265702321826
79	6.922190011385346
80	9.002062874529805
81	10.704801910538649
82	12.420463166336212
83	12.881766429566497
84	14.050486492313492
85	11.613909284406759
86	13.420803105388252
87	10.791666352484686
88	9.707071024510846
89	9.72113711240506
90	13.330931566336726
91	14.241126393935197
92	14.150531086680996
93	16.247806190883498
94	15.084139445642563
95	9.636700110144563
96	9.018171724915362
97	12.010837785664329
98	9.977693086284944
99	9.744987279338748
100	9.566673217920517
101	10.06264481816968
102	11.507601047413285
103	10.49831798603249
104	12.232926355564235
105	14.25830171856288
106	13.907390396609273
107	15.163837689258486
108	17.136206232788272
109	13.652540220850387
110	9.54922140009499
111	10.992043173710282
112	15.900672029249865
113	19.74638924853033
114	20.722540480492945
115	18.25868410826624
116	14.350634833861562
117	19.43976980477845
118	13.916018047078982
119	10.364565280668938
120	11.955382253234639
121	11.427540014530098
122	9.84840097093505
123	15.146361144985413
124	14.706334173265255
125	16.745298834839254
126	18.80600421114082
127	18.914539457899924
128	16.703096049233753
129	17.748896324602498
130	17.240829786508705
131	19.22140273184699
132	21.003401711849136
133	24.251434927391088
134	14.723986037654896
135	15.150310060613794
136	16.371075514734745
137	18.304097440776964
138	18.064282135164234
139	20.720005616028526
140	19.787886053089235
141	19.871609249347173
142	19.08323205222126
143	21.50865977547521
144	19.47773622234157
145	22.299769246679258
146	19.817693768846517
147	18.93873864819005
148	20.3575095283752
149	21.345570021028312
150	20.015292581214627
151	20.33713031574889
152	20.81636100601567
153	19.63720196214082
154	21.856281207684233
155	21.671789418653017
156	19.856099795252014
157	19.181215780434364
158	19.689721408313886
159	21.106510206938715
160	19.242852571883834
161	21.660101338543804
162	21.846626071224684
163	21.834561630189768
164	22.6767337127368
165	23.920520904317925
166	26.802223631095742
167	27.19527364258129
168	26.094613349149384
169	23.77153608862697
170	23.30412285947021
171	25.257028549598132
172	23.58784960042784
173	23.85448239093315
174	22.082135719261068
175	22.91823153394909
176	23.550084605094117
177	23.418377339814693
178	25.96007339594359
179	24.407905404076743
180	21.846742551048045
181	20.801151798910773
182	20.006428153982604
183	20.234192934809023
184	23.69562497809009
185	23.450928469671673
186	21.006106924546504
187	22.616357648418052
188	20.74357880996622
189	21.350428227089473
190	22.222418797617664
191	21.719456569042492
192	24.07298349815745
193	24.630027233660847
194	26.550778064805264
195	27.140487808841222
196	25.977784115427603
197	23.63653768890753
198	23.862725165991787
199	22.65831888049616
200	21.719412031797535
201	20.03416740340467
202	19.782003381540996
203	21.86083082682786
204	21.365226508489222
205	21.529209385634488
206	25.34672828648406
207	26.049120219920034
208	28.689979168906703
209	28.22323399264213
210	27.436800162876942
211	25.79844610701182
212	28.729316356408354
213	28.452661026125064
214	22.536737961909044
215	20.599042317818213
216	21.564265745218453
217	21.779425437425093
218	21.027190832828495
219	22.398947250194542
220	22.37752775817467
221	21.658470262792097
222	23.371945680430798
223	28.20261947068355
224	26.60007476714231
225	26.217747872332133
226	26.540443032320574
227	27.513333197384675
228	23.773055428297397
229	24.708032928948846
230	25.60981684955744
231	25.54711427685544
232	27.704830383293604
233	27.58890827083824
234	28.315868392487253
235	28.379351772547317
236	28.181206090086114
237	27.85136624882727
238	26.438791067031694
239	25.922794598757626
240	27.63774036993933
241	26.086839058203125
242	26.095620757626186
243	26.79425848654246
244	27.71897103984893
245	24.307395772087297
246	22.879377640490073
247	26.483024486561753
248	25.167263201480502
249	23.181107689731206
250	22.589078369133517
251	22.06107689906814
252	21.728920274658634
253	25.990719674727963
254	24.90430207658374
255	23.315836971213983
256	24.35268710464394
257	24.89296254882222
258	23.338519453085908
259	24.649350039653875
260	24.835128658506086
261	27.449629536138012
262	22.774834476111984
263	21.89873732502199
264	19.95679468215876
265	17.636388961764023
266	18.807335109257245
267	21.58031597220893
268	22.077278747990345
269	21.505086349371727
270	19.783682555842297
271	19.985738518520623
272	21.00725968247101
273	24.523453608489653
274	20.028345471307706
275	19.556760948772784
276	17.637912436427378
277	19.875698451322627
278	19.15394453104914
279	15.474324158552086
280	16.661857310567154
281	17.932590929117346
282	20.11129560113443
283	21.410756415509358
284	18.40624301134047
285	18.75580558118415
286	19.417035495394426
287	15.895280187123543
288	16.498935347064936
289	15.970136870833429
290	17.587918826136896
291	19.3461258483885
292	15.41808605404038
293	17.74867809679724
294	17.367972994549614
295	18.91366911468328
296	16.999379483534295
297	13.891131275863291
298	14.76160184074191
299	14.115906794729888
300	13.686039405997079
301	13.349832641796464
302	15.11718014955316
303	19.541460664102953
304	17.61154001260715
305	13.811576326213562
306	14.78499047901342
307	15.708235372995631
308	15.354334652138277
309	16.3960126802949
310	16.514155921608182
311	15.368910699626749
312	11.630675060841899
313	13.291471204420596
314	13.120734017848818
315	12.98599661293904
316	15.671581163039711
317	17.38405128518165
318	20.529853276523625
319	17.719615575625678
320	16.1345509588366
321	15.742581059169538
322	15.453035841739762
323	15.729190860799989
324	11.728999458394295
325	16.69889173624926
326	11.277857065472698
327	11.772996810194506
328	8.420420452009765
329	8.699103485038094
330	10.323275778385348
331	9.893751161815896
332	9.893079054766385
333	9.250607238642278
334	11.239605703045541
335	14.595363556713714
336	12.702804626014007
337	14.274700770774544
338	11.615118249064142
339	8.322762043495239
340	6.114655737770792
341	8.39507492575537
342	6.988560155270888
343	9.58636929470821
344	8.31127415013204
345	9.78023321772562
346	8.00336978084383
347	9.542728405676645
348	9.010818003808936
349	4.057483743572354
350	4.824768773862043
351	6.387899339121179
352	4.983477739235176
353	4.1399235089314415
354	5.675719484806176
355	10.398476537481116
356	5.658388236078671
357	1.899190345475108
358	6.95877894572138
359	8.02994130845039
360	9.226038390270144
361	10.11134830127526
362	6.849709803786719
363	6.199951455180446
364	5.581175288423068
365	8.910427275268589
