1	251.44599683939876
2	248.16499387220009
3	240.63548582389996
4	245.06148676418903
5	239.18299115567888
6	236.9398405739462
7	234.85830064588447
8	248.35983836900888
9	253.0399972869897
10	228.12708002335626
11	235.46481212926233
12	239.96674601992999
13	235.0964389003724
14	229.40912654090772
15	226.8959154633492
16	237.8084319339629
17	238.84617099356555
18	236.43363016872027
19	234.07664388649283
20	232.2863893436538
21	245.69546848530032
22	240.13415836871067
23	238.99168610053206
24	240.79084143483
25	241.62331204124348
26	246.21304998774568
27	230.65061145890016
28	246.00782843419168
29	251.53066714201003
30	250.24063721624515
31	255.5448199720855
32	247.7219343859886
33	255.72366571489428
34	267.4414555467154
35	244.24911784184673
36	221.4584975815031
37	226.47118682846983
38	233.28358990013442
39	229.60686266763557
40	245.33464416179584
41	239.27646105721755
42	235.98563358675966
43	240.85868872777777
44	240.47670273769884
45	234.8138119966384
46	244.30300891303492
47	246.80900738259336
48	239.713537137401
49	232.98565217650759
50	233.70074678830358
51	233.23032811938927
52	234.9168902981944
53	234.78600848602878
54	238.18987358184538
55	242.9420619152494
56	249.20647071702794
57	258.36868622262466
58	264.2988773210126
59	284.08056939219443
60	272.695263554353
61	258.2975757466203
62	251.59369409907254
63	246.15419940236447
64	259.1565240727563
65	236.93477880983147
66	233.18639110241517
67	239.41550811824203
68	244.3859916739401
69	234.80351853147337
70	238.36433037340973
71	264.778004333295
72	271.76521547028955
73	261.0207839408914
74	252.81826904774408
75	261.0844007543269
76	272.48309512821095
77	290.5712236472132
78	268.2397584220387
79	269.0908827158194
80	259.94462261480584
81	253.6457601790025
82	262.4035836115801
83	275.44608199437533
84	290.11934662765145
85	297.3390897553829
86	287.1487186305351
87	290.45475341443023
88	303.85656433865364
89	306.24755542966136
90	283.39118991555114
91	276.1605412055206
92	290.9793510365053
93	304.71222973043393
94	303.6601219809825
95	264.73448295083455
96	262.6957923149457
97	268.77808083288335
98	282.9731138498842
99	291.9556594810954
100	294.62767681573536
101	264.6351724059667
102	269.11973980220284
103	276.60485316513996
104	288.7459557486329
105	301.66333163253705
106	306.43144580394676
107	311.173288806076
108	287.88562207281603
109	281.79299972909473
110	274.73438596602324
111	294.0263880899341
112	311.3232510317529
113	300.2687645657913
114	296.2215445932774
115	312.07675554094084
116	315.65988713045255
117	315.11389737641537
118	313.78077796700694
119	321.44906802929
120	326.85561584045695
121	341.54739019715106
122	337.1428597913789
123	329.1485283702185
124	301.8377657076332
125	318.8106536754844
126	299.3353430375783
127	307.85568104027715
128	322.4817688443013
129	312.7162917466005
130	306.19263834500293
131	315.9080872932382
132	320.83135648576183
133	344.26197122119123
134	346.0549336668674
135	339.34547007509343
136	325.0628457121744
137	316.60914915593037
138	324.3283813577226
139	337.4046156875974
140	348.9635853499501
141	330.4942083800842
142	328.4847678568781
143	327.01392189662613
144	339.5502807001645
145	362.04665174550644
146	352.32009297438617
147	364.09353132494005
148	365.51680779498366
149	354.7046611742594
150	362.6850612902501
151	370.2199403057038
152	370.85546577666
153	366.00608225412805
154	368.7154984474592
155	373.5838698252978
156	353.63369420261625
157	346.98365616324656
158	342.09907482893607
159	354.9349927104301
160	371.5145573027846
161	376.2471035216203
162	364.90987228915964
163	368.25401977286117
164	369.4623169224942
165	362.57297215776697
166	358.50680733362896
167	370.6379028338987
168	375.92310659370787
169	369.31874524931953
170	370.31147600912374
171	374.1229532263521
172	381.5771843196241
173	368.7320275459135
174	373.1692720501351
175	363.8450495837415
176	365.17045363038335
177	370.37882986609674
178	380.25528170339715
179	371.63579380865326
180	378.54258332144957
181	374.1229532263521
182	381.617844597037
183	384.33435773709635
184	381.3461819321022
185	362.605089370428
186	363.12868353290924
187	378.03796450942673
188	376.06046823679833
189	392.04846220149443
190	378.41842622406995
191	396.18824340864194
192	416.1498966434406
193	401.30384591247804
194	391.7127922199263
195	403.79098744405815
196	405.98287569265557
197	409.2241823084551
198	400.6779277108724
199	381.03666341795275
200	372.93558825572563
201	382.563865897378
202	388.6075266847205
203	402.633667912546
204	416.18017722696874
205	419.7371563370661
206	424.380544500054
207	428.5830787092761
208	413.15435634737776
209	388.00396648174365
210	390.6658837493707
211	398.7937812320493
212	413.5989126947198
213	416.1029406718019
214	417.0777133642763
215	419.7114518165864
216	425.6626226105441
217	428.3745414519448
218	428.7101977731547
219	420.4209703477255
220	399.9600169742399
221	385.3482134292677
222	393.85310245455963
223	417.55504518093807
224	379.2081436307128
225	393.69515027947244
226	403.48246360316887
227	419.25962412020647
228	396.0316738842023
229	388.2138434762437
230	413.1330856090198
231	421.59584286173595
232	425.3795565490613
233	424.6424888238602
234	415.2975083744882
235	399.003184002174
236	404.87286362567085
237	396.5996661893997
238	380.8072761432722
239	357.69925789059073
240	363.56729061393105
241	375.21899546212154
242	371.5822605655493
243	373.46953634187224
244	366.71799468666035
245	377.25338017063694
246	372.95542649149024
247	370.3852230117238
248	392.7100951355752
249	396.1278019219635
250	365.8435976363091
251	362.2593046911686
252	366.99261813763593
253	370.5458519620266
254	363.99021891157327
255	359.4796942141073
256	357.38399239687294
257	360.9217983867509
258	359.18958404578
259	372.5337661869749
260	358.190112478666
261	338.8880310600174
262	332.41677005803837
263	329.12883275503407
264	337.3930501462298
265	349.91681421725525
266	335.98384204349924
267	351.46602761226814
268	369.16250237246345
269	356.0373770794199
270	337.2820332277521
271	349.02434577884765
272	348.416922382388
273	361.954219875357
274	349.25471335492637
275	353.63369420261625
276	376.0760697089658
277	363.39109343323037
278	332.7931867061954
279	347.3276895761794
280	335.1265841297062
281	337.58283460169184
282	343.392153913697
283	350.46379938563757
284	335.0878973153151
285	325.48676083497503
286	324.601691909291
287	337.2624994669537
288	308.86320529267107
289	319.24054923361336
290	309.4571960521159
291	298.4449283815821
292	313.1042090426546
293	321.6390537364832
294	328.31142380595406
295	321.0308477302939
296	304.633761426729
297	311.15770202282226
298	318.6938333840017
299	328.1626153016504
300	325.37537162901094
301	285.76476253713196
302	290.2444009635078
303	296.8331484678109
304	314.3046788902533
305	320.4249982329468
306	333.1787082349373
307	301.5631112780548
308	289.9027340690167
309	295.62054350182046
310	323.4609604748338
311	300.9376268917469
312	285.1220310394053
313	302.1833124431966
314	305.35919783821595
315	293.2377404001268
316	303.0008684849844
317	284.1067818053219
318	270.6507739773349
319	272.48558599257655
320	272.3076364865337
321	273.68896595742785
322	274.5805653756371
323	266.90302464411116
324	264.4847390878582
325	278.92632073394003
326	287.13604899559846
327	291.3874306415024
328	287.75955073116637
329	284.0176694846806
330	288.1612342076626
331	294.1640880116837
332	293.4437652727817
333	298.76085147272767
334	301.3952554716662
335	303.9075337632001
336	260.9853209449126
337	250.59018742601307
338	258.714257483073
339	256.7268134074672
340	242.9766055777788
341	245.7468247277305
342	246.09621046885508
343	250.61582443818645
344	249.25307594093027
345	262.75637590395496
346	261.727210554974
347	248.34788330580713
348	242.37031197189043
349	239.74363119070134
350	243.60969203300726
351	239.85135277630638
352	235.9507725054409
353	241.7679479569764
354	250.32479027401823
355	264.7395595284219
356	244.7835031813891
357	245.18670911241608
358	240.94337424799326
359	246.61855260250917
360	237.07891897614707
361	236.6470369138132
362	232.73993175938077
363	250.678406893275
364	251.69162692059282
365	255.0434308592576
