1	-5.233350917193972
2	-3.4703626038779967
3	-1.6962314663275624
4	-3.6968113638860896
5	-3.2018801210962935
6	-4.275175416148097
7	-1.0037165904399048
8	-0.3653019334574241
9	-0.6192788684591366
10	-1.9460279208065394
11	-0.5484181590445534
12	-0.8163384942187006
13	-4.739223701522249
14	-3.1823694763759507
15	-0.19543973257113656
16	0.4225557151175332
17	-0.042983716526207694
18	-1.3020494110335559
19	-0.973084503283292
20	-2.327225656793852
21	-3.740279751470115
22	-0.6239767868770407
23	-0.7810109889340233
24	-0.35829441334088585
25	-0.9168701856236581
26	-0.6850721843904717
27	-0.4543168406251352
28	0.062173409633165644
29	0.09352486154802264
30	0.2908520009637563
31	-2.8915208854262193
32	-2.2688160309808465
33	-0.10183681901492658
34	0.33251958037751805
35	-5.751441183767509
36	-5.242872185382729
37	-3.1406017934171033
38	-2.903692404378322
39	-0.5102540138795586
40	0.944826716665025
41	1.1594294344916425
42	0.4068288944538967
43	0.7969938904592664
44	0.8365823732080093
45	0.10387829318440822
46	0.3826451160610418
47	1.6971406782640788
48	0.5002920087757712
49	-0.4780456292609325
50	0.03894729617823334
51	-2.0033368534463625
52	1.0408224145627871
53	0.7870915077227298
54	0.6778067129153236
55	0.43733693649217376
56	2.0237279277871068
57	1.5979444424949003
58	-1.6452790146099892
59	-3.4853223787056806
60	1.8548454512514443
61	-0.5288001106449087
62	0.612190239710241
63	2.7749746023452984
64	1.4798553849382987
65	-0.028958338211813484
66	-0.5053260962829018
67	0.8310280431585237
68	0.47579268265353925
69	0.781051981425489
70	2.40059671785888
71	0.9016805293270576
72	0.584323595968308
73	1.1042355417148855
74	0.6426366509145396
75	0.15822110992308147
76	0.4909282116506617
77	-0.21665960834237197
78	0.9759953470400635
79	0.09488235590309557
80	-1.2999693289266325
81	-0.2661104757473929
82	1.8077684053122773
83	-0.7415526878834058
84	0.8226757515059635
85	0.9599504639092569
86	0.6590151958085322
87	0.36465388878995597
88	0.18101844658826316
89	0.21555193987926202
90	0.7766000662829882
91	-0.3817856752974649
92	0.8685888506418564
93	0.49064079820908546
94	-1.4081567647906112
95	1.6404306280905665
96	0.1370980265982471
97	0.6809169472056595
98	1.0647088952115986
99	0.589182306955399
100	0.942485923156724
101	2.6879643940813516
102	2.378690372868336
103	1.6822835014007644
104	1.2354732550372258
105	0.7258898084226928
106	0.42978721976428425
107	0.14079532110220505
108	-0.3584949989443338
109	0.47759853625363036
110	0.8661238196263952
111	0.6897319740033119
112	0.4581819937952929
113	0.7557688903943447
114	0.8426763736774312
115	0.45521150336808525
116	-0.2343368924859135
117	1.1501949936372853
118	1.0032771583132174
119	0.3205368656852787
120	1.1360696517730915
121	0.3675426818947969
122	1.2868158790364355
123	1.5208052321755439
124	2.0151293688934686
125	1.2810580004754044
126	1.4627484592035316
127	0.41687190156770626
128	2.6025278350837198
129	-0.16194559922191232
130	0.7480465054522618
131	-0.12301431720198508
132	-2.5265101601636495
133	1.570496427748294
134	1.365975045004852
135	0.8988995873528758
136	1.2947394872946845
137	1.064805666687981
138	0.9124328234154042
139	2.013901871727672
140	1.0013937489971418
141	-1.0385215908617802
142	0.896063744861813
143	1.2827490062406035
144	1.0163498409253506
145	1.5373047979056693
146	0.42121160715757
147	2.2567909147051317
148	2.463481148892779
149	0.7258525012565364
150	1.1950980488854377
151	0.9959496075994316
152	-0.11651297874551148
153	-0.19988191862115912
154	1.0855417211794212
155	0.4521205735760887
156	1.0539983567929454
157	0.8568327110592726
158	2.426400001855569
159	0.8357599428506539
160	2.479838349836278
161	-0.06143291030110021
162	2.519841059298212
163	1.4077234292208445
164	1.583000185624467
165	1.0387730740540349
166	1.5905430489920107
167	1.8483886303622228
168	0.8814309464745591
169	2.3106567978537917
170	1.9034520297334154
171	0.1180012236480934
172	1.2279033404502186
173	1.056970163116489
174	1.19761673886509
175	0.47522665255168306
176	0.9318234142364652
177	2.076451386174618
178	0.9138733728105315
179	0.6203466536854627
180	0.5951688424661867
181	-0.21129631774618218
182	1.0789265992588817
183	1.3820466505377915
184	1.3243400743527474
185	0.43020489765727987
186	2.308603990224235
187	1.2785962552964918
188	0.997073575310484
189	0.8661980471823334
190	2.1828948242622914
191	1.6399661919319577
192	1.275929707274429
193	1.1489428791097964
194	0.4131209091746939
195	0.17179827522007685
196	1.2939316751023355
197	1.2923060929618018
198	2.2993779035919033
199	2.6075545230670123
200	2.3131178105929635
201	1.5453353757603487
202	2.524211471413036
203	1.797154714637415
204	1.384567132419761
205	2.4907272546159405
206	1.5654798366126954
207	0.5748303784117077
208	0.25191365500689855
209	1.2541638321747008
210	0.235395288129002
211	0.5544556188630239
212	-0.33006207414021915
213	0.3555205940785804
214	0.636132327823077
215	0.3066770416090563
216	-0.6752489828030299
217	-1.1380112183995195
218	-0.5132988975949218
219	-0.7781673312407378
220	0.24878826416487954
221	1.4473683190351352
222	0.4361761058894409
223	0.6453947746391897
224	0.937953036044874
225	0.7579301084150494
226	0.30265723186892046
227	0.5966925445917504
228	1.8697011180920597
229	1.812961043445796
230	0.6073415766713239
231	0.16182805915858367
232	0.30757566665430147
233	-0.020941925157035968
234	0.7957402592430078
235	0.37005492526795436
236	0.3067187645016318
237	-0.46609288764156176
238	-0.041181287511840026
239	0.19723728190179202
240	0.5924122517786401
241	0.10093988638809748
242	0.42634154529788404
243	-0.8958695334219478
244	1.3043228606733273
245	0.6599449393942649
246	0.36484830192857487
247	-0.2657378391470644
248	-1.3798029283220927
249	1.2824385558509697
250	1.07895064793059
251	1.2360466419802307
252	1.4475453207322424
253	0.24314887056220869
254	1.1440264135432479
255	2.2190816832816758
256	2.482809790895079
257	1.5716322190944467
258	0.07879924136227245
259	-0.29740342900487704
260	1.0633425088076507
261	1.9235861809406458
262	0.648276960556089
263	-0.7039262430218898
264	0.24548228915711334
265	-0.8478671158465261
266	-0.8400770086044709
267	-0.2508298674905447
268	0.049310012899738354
269	0.8464949323761068
270	1.7893047110608578
271	-0.41287597989166613
272	-0.6042152557418738
273	0.6964885657034579
274	1.5334920415639601
275	1.9111565709306397
276	0.9131226983512271
277	0.7484968085355419
278	2.068314452919555
279	2.3792141950844687
280	-0.5664050314501345
281	-1.0808895656161788
282	-0.9117505514579562
283	0.3990385925832527
284	1.0002812836951627
285	0.901591107418021
286	0.7569466018976136
287	0.1516143229665694
288	0.9731835754915394
289	0.019347139565429217
290	0.5069184291733748
291	0.6638052950666911
292	0.9644710186977363
293	0.5909872760041068
294	0.659566235090665
295	0.21400610516296936
296	1.7616069896938242
297	2.2255227951358023
298	1.5040910571508554
299	1.2541581506318629
300	1.231219104266529
301	1.0037355996355188
302	1.6768307501825852
303	0.9115602064464312
304	1.4827882432638901
305	-0.20496114206473237
306	0.14325023064790976
307	1.2494496877824908
308	0.8073091759866635
309	1.50591224231683
310	1.2173146214919832
311	-0.7281553081694021
312	-0.43431017571329633
313	1.154806335933058
314	0.6596361060471985
315	0.9814742221234898
316	-0.5032074413084136
317	-0.5851245327510384
318	0.7163557146638304
319	-0.5798475702536106
320	0.3270415887134561
321	0.04752253386797811
322	0.8600491944772966
323	1.1457952227923442
324	2.1436147182780516
325	0.8723415361874398
326	0.11578892477480807
327	-0.9061311504143905
328	-0.46796436714053513
329	1.1425454111366244
330	0.3511388651003795
331	2.049944386689793
332	1.288532672393476
333	0.6713695988797017
334	0.8568326388002756
335	0.5247765478373037
336	0.555934587420019
337	-0.22537517154906705
338	0.8251411087641722
339	-0.9618758911652092
340	0.957811572697576
341	0.7339177210568133
342	0.20963136131640248
343	1.0984892300208537
344	0.659774622729767
345	-0.22037249981426132
346	0.47513581384215886
347	1.6424318072392161
348	1.2669956362094368
349	1.6757039612492068
350	0.7284600955775975
351	0.12236387940704496
352	-0.5121696458413298
353	-3.4829802873615803
354	0.4105511717719512
355	0.01622949987938238
356	0.4296209330570546
357	0.5041741134870943
358	-0.7427329896447015
359	0.4039249983410471
360	1.5808095276214793
361	-0.37125892375537894
362	-0.7334399930593669
363	-1.3699564552629084
364	-1.5668263401578324
365	-1.3595739493581656
