1	6.225586042727346
2	4.683234157631307
3	1.553385688187162
4	6.250066026298241
5	4.823792570258635
6	4.4814605109887315
7	-0.7177879536462557
8	6.869499966229273
9	6.168259625144823
10	7.966271373719905
11	9.008755981862524
12	9.11594905988677
13	8.422475234107758
14	8.703595648515982
15	11.726743155386242
16	12.231639955704392
17	6.934302701457084
18	5.67404724458462
19	4.823529311763944
20	6.423804286764891
21	10.51616201538053
22	10.122894407920143
23	6.01912268742658
24	5.58667511538239
25	6.026414911574547
26	-0.9252284713642114
27	7.384766849617427
28	7.157061118650705
29	5.47115766711111
30	5.404611873138179
31	4.985473233702325
32	4.887114725832677
33	6.715199519123995
34	5.900646385912483
35	8.181885215321177
36	7.831434981260151
37	10.08135452373299
38	9.920309193183215
39	9.235614005595707
40	6.770147038283148
41	-1.7663025493638118
42	4.457839232601212
43	4.71886509907896
44	5.399604003141877
45	4.872755729970289
46	5.153665193341168
47	6.996662379468726
48	7.426685417402921
49	7.43562084972818
50	5.949484619233295
51	8.50314858835041
52	10.521957977357626
53	12.064130162360936
54	10.051863670823561
55	7.6252401012178685
56	8.955794698107027
57	9.40352933966376
58	10.871195714442607
59	11.192184996238499
60	12.587546717665443
61	11.34847782425053
62	4.887302720381288
63	8.670799583461555
64	8.064068397707043
65	11.867163063588087
66	10.003796497317555
67	8.077640831544421
68	10.572960767298007
69	12.423801155028187
70	12.73425305772702
71	11.86663661120086
72	11.07666732058027
73	12.858043653555004
74	17.83252665769449
75	12.355952793880128
76	15.192697914586354
77	12.771405939043152
78	11.699466448387525
79	12.889687473143091
80	15.778496249090221
81	16.024068169539063
82	9.109593803087037
83	9.19267486974466
84	10.089972668396385
85	9.96265447908372
86	11.242118140803782
87	11.074958008067203
88	12.542498967518583
89	17.77605578032507
90	16.13401336632011
91	16.326131619207814
92	18.760209518102744
93	19.07738812300374
94	13.653055885616727
95	12.938112798440955
96	12.793106193703672
97	15.764806630383003
98	19.981963828580646
99	17.947063966511408
100	12.745394577777695
101	14.144637263968274
102	13.81433643884365
103	14.905998333183668
104	16.68944212400209
105	20.177088822656636
106	20.56348752256327
107	20.980233447730654
108	15.866538466034068
109	14.763366519397529
110	16.425889459116203
111	16.13733517755688
112	17.178406959794284
113	17.479914747335986
114	19.17607894189828
115	15.921333816290261
116	12.337709487698344
117	13.700428334394907
118	14.197907545977241
119	16.381764215832682
120	18.58861776080474
121	19.675620996449275
122	17.97604319041425
123	19.614018696784598
124	21.31859083600922
125	23.566266060447244
126	15.203965589222086
127	14.558937812187466
128	20.23277734554753
129	15.586979516166945
130	14.772419553967463
131	16.856965774170018
132	18.552716541190552
133	15.318366115499206
134	20.768578851326986
135	19.879067586364464
136	14.519935287689322
137	15.070933652675404
138	17.572867728313486
139	20.947680789933685
140	17.72178533258843
141	19.316763643353426
142	20.35910606328031
143	21.282427475933464
144	20.293633758005917
145	19.945841159979352
146	19.407940387745633
147	19.38388588602351
148	20.961176269938907
149	21.091226045488224
150	22.609620910950643
151	21.82674951954712
152	22.924214306142602
153	23.862297990503095
154	22.355901017873027
155	24.269467795728254
156	23.294668328867186
157	21.778396298627175
158	24.346844035995325
159	24.842667498915098
160	22.433415248913686
161	21.38437561869765
162	26.22312094992442
163	21.36016564786067
164	19.90039081835337
165	21.761942102280965
166	21.28642197405296
167	22.85925002942904
168	23.49485692177025
169	20.606876003624564
170	23.501668058132942
171	22.47258901273067
172	24.5875726877316
173	18.985938834248127
174	17.974227968191734
175	19.999682762362728
176	18.71331865993704
177	18.222929427622145
178	17.90590262808473
179	21.52708800053257
180	21.54630715074939
181	23.654938047890475
182	24.424502813324715
183	25.378378458460723
184	25.17890463355195
185	27.54009345674266
186	26.38190738318668
187	27.131711395460535
188	28.094772017323272
189	28.88678170621754
190	28.474055534093573
191	27.562021039736656
192	28.851633426891546
193	27.01106609267169
194	27.270350749978483
195	29.03360701195966
196	29.64303083283246
197	27.805991713964907
198	27.159336136365788
199	28.733481487242194
200	29.023012248524267
201	29.524699878724086
202	29.99765980778718
203	29.22380082692073
204	28.987681360978996
205	27.431191745716937
206	27.19908408819139
207	29.856172130883238
208	29.708118877660333
209	26.577397622042767
210	26.99751219545336
211	29.65691923191811
212	30.73069121884278
213	30.51509958687859
214	27.779348876775806
215	28.397426403163344
216	27.780002208683378
217	29.126493482010353
218	30.382054459100267
219	29.891118292540305
220	29.514327398406714
221	29.44571893325117
222	29.37890885023868
223	29.844800927622607
224	27.04771621777305
225	28.755512441316007
226	28.802622567788127
227	29.448678596601944
228	27.73170196076901
229	26.066326357511876
230	24.81538621828843
231	26.665833044648778
232	25.211443762858956
233	22.615785648049684
234	22.232273249030005
235	22.42870083080614
236	25.263561308162366
237	27.294517483634785
238	26.706613650131906
239	28.01270635964262
240	29.456003509653904
241	29.046361548697256
242	28.993071035726793
243	29.002190596892497
244	28.76696142672681
245	28.882574563485953
246	28.83829089573888
247	28.67161156404866
248	26.457136913267753
249	24.31222697758458
250	24.553247401286292
251	25.57789585053414
252	24.352504432228194
253	24.328816868590273
254	26.97772874313997
255	27.742244725607144
256	23.43460925178107
257	19.169556443200108
258	19.90575349114523
259	19.932964204933622
260	21.39851413992376
261	21.918916103865083
262	20.345267363830025
263	21.32462593922339
264	21.30843810276786
265	20.073986817245927
266	20.130226938195506
267	19.705652589617696
268	20.088242455430933
269	19.189697815533737
270	17.69669324932547
271	19.3811404139965
272	24.164140855650565
273	21.335585460864763
274	21.803767070151395
275	24.103162836670595
276	22.25701884171498
277	23.737800093384003
278	22.932446622788113
279	23.220643935847278
280	24.913049718046715
281	20.358664094414458
282	19.188909462641544
283	18.08218391223227
284	16.441651242929964
285	17.678535912366787
286	18.484625235770974
287	20.653701142252714
288	22.45967311982206
289	20.31398774360949
290	19.9234558435323
291	20.211058516610493
292	21.139843270030788
293	18.553093764948166
294	16.260747323093554
295	18.06319905960806
296	15.600111980364911
297	15.230698350745431
298	17.822576239656247
299	15.35952656373879
300	16.23348275689077
301	13.869829744157908
302	12.098463746827232
303	12.460186800620555
304	13.293000603109721
305	12.728068960915337
306	11.53218827061621
307	12.204549064765853
308	11.254380918371353
309	9.75247176413481
310	10.20992782955301
311	8.334016195095373
312	13.222772036388179
313	9.514153803133148
314	10.178067992727168
315	12.396242229422402
316	17.703015269947755
317	12.155775336703162
318	10.353188321952935
319	9.62726728454258
320	9.275939570128504
321	9.404360325942978
322	12.373663615178192
323	8.663674160289567
324	9.943339615849332
325	11.911142281287031
326	7.262567707905588
327	8.10748622163511
328	10.860785276390228
329	12.01085844953828
330	11.382354789401909
331	9.45874962570101
332	8.272616207581194
333	9.190994005448871
334	11.495720146974225
335	10.219575935876232
336	11.201603536252833
337	10.66585853679015
338	10.25461988531768
339	14.588605447795416
340	9.679301949941578
341	6.378794792297032
342	5.72449930982735
343	-2.679218576341193
344	2.0004147806372528
345	5.5227920129539845
346	5.9666339919643425
347	5.194959261029122
348	4.630116212130278
349	5.754707062158011
350	11.081844258350667
351	10.093874176949129
352	6.051444201183446
353	8.494981419693573
354	7.74920166274721
355	-0.8387245189421728
356	7.021341088017283
357	6.495198021708272
358	5.676539408910368
359	8.043430783515646
360	4.708549324550897
361	1.7752328366116634
362	0.03237287878941242
363	4.554861079711837
364	4.713261183466108
365	5.466085560542946
