1	81.43043267949088
2	80.76710681405105
3	79.95755246066126
4	78.87692220627149
5	78.30455733659043
6	77.73019709849937
7	77.23345423293998
8	76.08338858871929
9	75.16743909590039
10	74.54307840759381
11	73.36838554340439
12	72.6150377118337
13	71.73119652847197
14	70.37906072675206
15	69.26561615931023
16	68.32988986251888
17	68.2037613199204
18	67.58791955539827
19	68.06568885120167
20	67.03288873282939
21	66.48080314427038
22	65.38111118143176
23	64.55507463329401
24	64.06666531003405
25	63.191413781265126
26	62.302813368878276
27	61.74495748254314
28	60.78504493667598
29	59.73298278579532
30	58.892416420869345
31	57.677821722389766
32	56.88642738560016
33	57.70540473987013
34	57.137494489561156
35	56.126128039758825
36	55.21157354285619
37	54.3121877598141
38	53.346241197576695
39	52.48037437334665
40	51.4616002927772
41	50.54323252961728
42	49.997348985424196
43	49.00552763083784
44	48.00934703595964
45	47.03665077226026
46	45.724015048423965
47	44.308518249234126
48	43.387433429044094
49	42.12390731624585
50	41.35791565114082
51	40.713743415660545
52	40.04956971669988
53	39.23824503209145
54	39.69770871623343
55	38.74539066520213
56	37.925164531620204
57	37.00870230559099
58	36.118583477448226
59	35.44393773835729
60	34.68753351879869
61	34.4328580601275
62	33.97117170544778
63	33.2271921425651
64	32.60176869398614
65	31.87521231781027
66	31.364654857034502
67	30.466651621582386
68	29.643490635089098
69	28.872212622803602
70	27.97883493762657
71	27.153085851942244
72	26.873721319151798
73	26.12377093260079
74	25.37930894863486
75	24.742663592823437
76	24.17600609307175
77	23.342592734479727
78	24.60309167662979
79	23.89313084801087
80	28.10246142022542
81	27.35853989064046
82	33.909080248770834
83	33.5307474728637
84	33.061912217553505
85	33.581585989073105
86	34.005525675895164
87	32.790856055538896
88	31.82276979220201
89	30.824354182586532
90	41.16567263309321
91	43.749631807151616
92	42.052727000740084
93	42.44191534022168
94	40.72700175300279
95	47.60357646811601
96	46.40725115199441
97	45.2962070751504
98	43.83750870716826
99	42.63127769209916
100	41.31892439943456
101	39.50957195233461
102	38.4553325691982
103	36.92161720833585
104	36.18478021944388
105	35.798357258440504
106	34.434795859550185
107	33.14393481395935
108	31.716925323309226
109	30.54139406296372
110	30.409339312106216
111	30.264817438486357
112	28.59629392585562
113	27.06934850570159
114	26.29367794935665
115	24.882310539510595
116	23.628726890726554
117	22.472010536957
118	22.233987497103
119	21.29416166443606
120	19.7887438001982
121	18.955415762043515
122	18.02602970262724
123	17.374997798933535
124	17.216462421452857
125	17.253677909835393
126	23.936872650856543
127	23.718166820063928
128	22.56321122178217
129	21.672800384183923
130	25.45314633651543
131	29.93080705243491
132	28.110826031764585
133	27.180221814612015
134	28.710642555612655
135	27.680505067984328
136	26.50879673334556
137	33.04876496021249
138	32.35248342798275
139	31.32789319871479
140	39.45420275110701
141	52.36158083476177
142	68.50413131299092
143	67.68291505876228
144	71.39661012387567
145	70.4815668506424
146	68.34123349429997
147	66.14201986339701
148	64.2636382736541
149	62.237231130797745
150	60.164872497726066
151	57.607983777363195
152	59.733236378997
153	68.39441492536247
154	66.46530153524814
155	64.36762796030723
156	61.761473514333446
157	59.308028177188845
158	59.0028999476135
159	62.85786159572061
160	65.25633316354768
161	64.6538558541606
162	63.30180777084995
163	73.99353929684544
164	74.37687809930482
165	77.09612643880769
166	74.67145105544013
167	71.82651263852927
168	69.3997658358714
169	67.21583823287527
170	65.06848029734496
171	62.54484363089473
172	60.232617894514085
173	65.16330212742452
174	62.27913254868225
175	60.02597229822415
176	57.3833835510946
177	58.10998643944176
178	56.2730175839856
179	55.789270119029624
180	54.02512837183283
181	51.65873055640926
182	49.28132879222242
183	46.84612291954763
184	44.25210187246954
185	41.81458315313959
186	39.52050857396171
187	37.71502626162551
188	35.65223998276357
189	33.34993570720697
190	31.163862979704437
191	29.297964195025216
192	29.051518320990898
193	27.76271534614811
194	26.339970897039322
195	24.91301026196239
196	23.79441062086474
197	22.424001189982842
198	21.62351087877844
199	20.774203022181137
200	22.574430899737674
201	21.47627281412269
202	19.98302181947029
203	18.597395118094624
204	17.517635834621487
205	16.46391273187244
206	15.392756595121648
207	14.78850638960405
208	14.854964335397108
209	13.91345984977847
210	12.941870213902376
211	21.764225583831145
212	20.960196669493627
213	20.35674595337168
214	19.116148095934822
215	17.764391620718836
216	16.975513902656076
217	15.996744528743859
218	15.502672263744607
219	14.806360773715083
220	23.01370608650927
221	21.821270106035083
222	22.333851619097317
223	20.97216505909335
224	19.9661420164135
225	18.80050985870891
226	17.61479066323358
227	16.678521159809982
228	23.52045642567186
229	22.424483844584202
230	25.156916024949606
231	27.29774348650262
232	25.37543004786706
233	23.272537379264566
234	22.30552311295009
235	21.759385552075454
236	26.707798798865845
237	25.750129004009942
238	24.70164662543016
239	24.161100824679398
240	24.458550868982513
241	24.37603225835512
242	31.947972705337257
243	32.61245367268437
244	31.432055528239
245	29.76172961821499
246	31.682115561430113
247	30.608509700902502
248	41.03814564265436
249	43.486392405854176
250	42.23290549095934
251	40.204907859337006
252	37.86083845079313
253	36.373403175986766
254	35.77073732070464
255	34.64806165029501
256	33.17589586818788
257	31.63628724872856
258	30.059646903845806
259	28.669045134479376
260	27.326154955295713
261	26.824424116757957
262	26.009784604298414
263	25.058824976757904
264	24.42476770771215
265	23.634231296638855
266	40.9577774865976
267	39.799413490006806
268	39.48075992013354
269	53.864731688798074
270	63.933794775153075
271	70.75602309450997
272	69.32045440064293
273	94.86332853005939
274	98.96198125601215
275	97.00530309965148
276	95.22449009408325
277	100.0
278	100.0
279	100.0
280	98.8240342806747
281	97.38960211487158
282	100.0
283	100.0
284	99.52926949667807
285	99.73261920280508
286	100.0
287	100.0
288	99.95152184607534
289	98.33396415362819
290	97.54064309824797
291	96.15383703898098
292	94.9859145457419
293	98.73833608612257
294	100.0
295	100.0
296	98.81307682248473
297	97.42438330088217
298	96.19762363899879
299	95.08559220371433
300	97.70886427070897
301	96.31842468509711
302	95.44951212939934
303	94.45920404417454
304	100.0
305	100.0
306	100.0
307	98.931952823554
308	98.16448248920616
309	96.79432353521706
310	95.52677288845007
311	94.49884761920838
312	93.28746618274975
313	92.39605844730073
314	91.36287605681042
315	90.3514218462798
316	90.61795940739144
317	91.30859940033599
318	89.87007986502685
319	89.21068226407736
320	94.79404572257101
321	93.7014265563928
322	92.74342106474307
323	98.53919870278825
324	100.0
325	99.44136248950869
326	98.4891046337485
327	97.44147295684601
328	96.55666539379888
329	95.56760786114806
330	94.14356975037268
331	93.40176938873572
332	91.89405485471002
333	90.57248241780025
334	89.72703478591755
335	89.1128862142758
336	88.2257561379217
337	86.86165835510653
338	86.1007126147835
339	86.83761045155171
340	99.453087803219
341	98.33634412475104
342	97.71152879481092
343	96.90545155380853
344	96.41796990487845
345	95.63269586175441
346	94.37019843908917
347	93.91145528965343
348	92.81631126943324
349	92.08269091693087
350	91.45433424064545
351	90.19634006198616
352	88.8699468748294
353	88.15377355016436
354	87.36396388867853
355	86.71417274851768
356	85.28173161631986
357	84.05408251739934
358	82.87181712628818
359	82.33611905365396
360	81.64956178640095
361	80.83165793497254
362	80.38098884241313
363	79.4579278254619
364	82.5531659207
365	81.87010107654434
366	88.29867250511577
