1	8.1
2	8.0
3	7.9
4	7.1
5	7.1
6	7.9
7	6.4
8	2.4
9	3.3
10	5.9
11	4.4
12	1.8
13	4.9
14	5.7
15	1.2
16	4.1
17	3.7
18	5.6
19	7.3
20	4.9
21	6.7
22	6.5
23	5.3
24	4.7
25	3.5
26	5.6
27	5.4
28	4.9
29	4.5
30	4.8
31	6.2
32	5.6
33	6.7
34	7.5
35	6.4
36	5.3
37	6.8
38	6.5
39	5.6
40	6.5
41	4.2
42	6.3
43	8.1
44	12.3
45	12.7
46	3.0
47	6.1
48	6.0
49	5.7
50	8.2
51	8.3
52	5.7
53	4.3
54	8.1
55	6.1
56	5.5
57	8.3
58	10.5
59	10.1
60	4.4
61	8.9
62	9.5
63	11.5
64	5.0
65	6.9
66	7.2
67	7.1
68	10.0
69	7.2
70	8.2
71	9.3
72	11.3
73	12.1
74	8.2
75	7.7
76	7.7
77	7.7
78	11.4
79	16.3
80	9.7
81	6.2
82	8.6
83	10.1
84	11.2
85	12.8
86	13.2
87	15.7
88	16.7
89	18.7
90	13.6
91	6.9
92	4.8
93	9.1
94	12.1
95	15.2
96	13.3
97	13.1
98	15.3
99	10.3
100	17.4
101	19.5
102	17.3
103	21.2
104	21.7
105	17.5
106	14.5
107	12.8
108	14.9
109	18.4
110	21.6
111	21.8
112	22.6
113	22.4
114	21.3
115	21.8
116	13.4
117	12.8
118	16.7
119	20.6
120	19.2
121	18.5
122	21.8
123	21.7
124	13.7
125	17.0
126	20.9
127	23.5
128	23.8
129	18.1
130	19.6
131	15.2
132	16.8
133	23.5
134	18.3
135	19.4
136	21.4
137	20.9
138	22.8
139	21.3
140	22.8
141	23.8
142	22.7
143	22.5
144	21.2
145	24.0
146	15.7
147	18.8
148	21.1
149	20.0
150	22.7
151	23.2
152	23.2
153	21.6
154	17.1
155	22.4
156	20.3
157	15.2
158	15.3
159	18.7
160	19.6
161	18.8
162	20.6
163	19.3
164	18.5
165	18.1
166	22.8
167	22.6
168	23.2
169	23.9
170	22.4
171	27.8
172	22.2
173	16.8
174	17.1
175	20.1
176	22.4
177	27.3
178	28.9
179	28.6
180	24.8
181	25.6
182	26.4
183	28.1
184	29.7
185	30.5
186	28.0
187	27.3
188	28.2
189	28.1
190	29.6
191	26.4
192	26.6
193	20.5
194	19.0
195	21.3
196	20.7
197	19.0
198	20.4
199	23.1
200	23.7
201	25.1
202	23.5
203	21.7
204	25.3
205	25.2
206	25.7
207	26.9
208	28.0
209	28.9
210	28.4
211	25.0
212	24.4
213	26.4
214	29.5
215	29.5
216	28.2
217	28.2
218	27.5
219	27.6
220	23.7
221	22.2
222	25.4
223	27.7
224	28.8
225	29.0
226	27.5
227	26.8
228	30.6
229	29.3
230	25.7
231	25.3
232	29.0
233	28.1
234	25.4
235	26.4
236	27.9
237	29.2
238	29.2
239	28.4
240	26.5
241	27.3
242	24.9
243	23.5
244	23.6
245	23.8
246	23.9
247	23.8
248	24.0
249	23.5
250	21.5
251	23.4
252	25.4
253	26.0
254	25.1
255	25.3
256	25.8
257	25.4
258	25.1
259	27.3
260	25.5
261	22.3
262	26.2
263	27.2
264	27.1
265	27.1
266	25.9
267	25.4
268	27.4
269	23.2
270	18.5
271	20.5
272	21.3
273	21.3
274	21.2
275	25.6
276	23.4
277	23.6
278	20.1
279	19.2
280	21.4
281	23.2
282	23.0
283	21.3
284	19.7
285	19.2
286	19.8
287	19.5
288	25.1
289	23.8
290	17.7
291	24.1
292	23.4
293	19.9
294	15.2
295	16.6
296	15.9
297	14.7
298	17.9
299	17.6
300	15.1
301	18.7
302	19.0
303	19.3
304	20.2
305	19.1
306	16.2
307	18.8
308	19.3
309	16.9
310	12.8
311	13.4
312	15.9
313	18.9
314	15.5
315	14.1
316	13.6
317	12.7
318	15.2
319	16.1
320	16.7
321	18.8
322	13.6
323	10.8
324	9.8
325	11.2
326	8.5
327	9.7
328	11.6
329	11.1
330	10.6
331	10.8
332	12.8
333	10.4
334	11.3
335	13.2
336	8.9
337	4.1
338	6.7
339	8.5
340	11.3
341	8.3
342	11.6
343	10.8
344	7.9
345	8.0
346	7.3
347	7.3
348	9.5
349	12.1
350	10.8
351	11.3
352	9.2
353	9.2
354	9.4
355	8.3
356	10.2
357	10.5
358	8.6
359	7.5
360	8.5
361	7.5
362	8.8
363	8.6
364	8.4
365	6.0
