1	-0.9089056797754926
2	0.38399189616166574
3	-0.4866041529277938
4	-0.5017503255507512
5	-0.46771566457316016
6	-0.9245248533522306
7	-0.7908876319581291
8	-0.642193501609805
9	-0.6010351691884637
10	-0.8198016731468885
11	-1.207598085676934
12	-4.835854670912708
13	0.6481001408596763
14	-0.5986059973256603
15	-0.690754215868914
16	-0.33885667150129173
17	-0.10081454449882887
18	-1.1021866703483632
19	-0.4756534691854606
20	0.0184605430004412
21	-0.1805221096054801
22	-0.45771511310330926
23	-0.9190620675582055
24	-2.401370388227785
25	0.2281067295612118
26	-0.716252375734336
27	-1.1188338488808354
28	-0.9394818654113273
29	-0.7489970437512588
30	-0.5750759485214223
31	-0.29631958603252784
32	-0.9077125344673265
33	-0.8743951131916949
34	-0.7654550685571371
35	-0.903789689456227
36	-0.00043325200258248486
37	-0.0813948173809953
38	-0.8047811552742639
39	0.27156982314430334
40	0.020319073379154062
41	-0.2083291374944265
42	1.2008374550453205
43	0.7331200491417755
44	-1.00167676715673
45	-0.45609761647253766
46	1.1430467978355772
47	-0.25341203813334445
48	0.15148890251197944
49	-2.9781087820174976
50	-1.943944487145413
51	-0.9470190203652953
52	0.024730869558942103
53	0.19409683587374982
54	0.46941107380016067
55	-0.021976029297018584
56	0.769059707623641
57	-0.7801126865224735
58	-0.5959520762296924
59	-0.20483529887006569
60	-0.560005192731011
61	0.05930567795510733
62	-0.09280277596178177
63	-0.011897664782663853
64	-1.1282504255777575
65	0.5739154388079886
66	-1.8663033945188232
67	0.22416904456167774
68	2.0251698769588273
69	-0.09864323871861735
70	1.148772197955517
71	1.1030410837146967
72	-0.031012876557378277
73	-0.17829398219459858
74	0.7861896284281658
75	0.1858868289379041
76	1.3374400625124405
77	0.6200877527163584
78	0.9637227127791359
79	0.4889176560510613
80	-0.5183636069186566
81	0.028538368683997284
82	1.7494749636973381
83	0.8116135452930067
84	1.2646269980996792
85	2.1607988770954307
86	0.9613545087888244
87	1.3299862499927055
88	0.17992154128330817
89	1.0175541973254365
90	1.2227705916245988
91	0.11174603299746977
92	0.04381025148128792
93	1.054210140623665
94	1.680078816215941
95	1.5713540535545185
96	1.982072160604389
97	1.8369374855070344
98	1.9008336665715238
99	1.5334186402746965
100	0.461867394706136
101	0.8615539021955776
102	0.9341106840938203
103	0.9972665238327245
104	1.0443439270419432
105	0.5711726354002558
106	0.33253862032811554
107	0.08652768556943258
108	-0.5979225647859074
109	-0.11675961370800714
110	-0.22950174151131364
111	0.1552132152691108
112	-1.4520067500154248
113	0.035733579841018326
114	-0.046266970189865475
115	1.3415849091694696
116	1.5525263184398241
117	0.04641989330484719
118	0.8970768665310835
119	1.4239701231715962
120	-0.09622845651202994
121	-0.4778626534560324
122	0.21001125195121872
123	0.21215531862370263
124	0.9610130444908691
125	0.3979722497166964
126	-0.6139337412448853
127	0.42249061169911073
128	1.0620742925435636
129	1.1659304331715532
130	0.6555509544990485
131	0.4930157566765203
132	0.7689811408665683
133	1.1117283575640968
134	0.45720444842499575
135	0.8453696499574619
136	0.8869454328550717
137	-0.566082223334675
138	-0.992473952296411
139	-1.1903379731020962
140	0.5111177589439002
141	1.0189625952569479
142	1.6045919558683437
143	0.483050311039122
144	0.6134984426143077
145	1.7564226960798095
146	2.182098508874514
147	0.602281972698135
148	1.3514538550809299
149	0.7056521495288024
150	1.2941876782732322
151	0.7512907601251548
152	1.5983702598515919
153	1.8559503301162614
154	1.4825716633710293
155	1.5087733362984963
156	0.7596314565279059
157	0.3953493044345038
158	-0.590888138032561
159	-0.7387077812829581
160	0.7965949662018161
161	0.6418761476497679
162	0.18327172882572995
163	-0.20783033679607144
164	-0.031704614558009325
165	-0.4216792653263184
166	-0.5635169709225316
167	1.3649599979025702
168	0.9420507082755591
169	0.40525523100130556
170	0.05704860650982013
171	1.2449761282523255
172	0.6493163657128775
173	1.5612489740066486
174	1.8894486526331598
175	1.597262667785138
176	1.0967436024726318
177	1.0424364295076884
178	-0.22077854717570133
179	-0.007498930797744663
180	-0.6004613497618401
181	0.5377705544707965
182	0.1095133932084984
183	0.8196426167826374
184	0.0998094139569794
185	0.9018983590789702
186	0.7255210224946147
187	0.9826731497658372
188	1.007390168343587
189	-0.9313086157134975
190	-1.9388707957980742
191	0.20721012241818926
192	-0.3092657995442032
193	0.23076306223058296
194	0.9426969342141582
195	0.4689656137928786
196	0.2723223723259913
197	0.29833978503747716
198	0.003113081522254646
199	0.8042317506504801
200	0.7257948581191158
201	1.0141683999866409
202	-0.2344710040676503
203	-0.9169128869685181
204	-0.49065827342845836
205	-0.8115906378278979
206	-1.2164255850350898
207	-1.104992300057912
208	-2.3749550282382863
209	-1.010015981907145
210	-0.9617875393884994
211	-0.6821534567852616
212	-0.6527540059457202
213	-0.833315152054908
214	-0.6346096607178104
215	-0.23121831562990636
216	0.042926353877245305
217	-0.2838560937127177
218	-0.4082524206774174
219	0.6529075755077365
220	0.4296900123263221
221	0.2828512650988415
222	0.21791493795416983
223	0.853559470713197
224	0.9667273039109574
225	1.1977718550654615
226	1.145224244112299
227	0.8900284054508454
228	1.2255369764535047
229	0.9684641342815361
230	0.4241825055645023
231	0.9786581273780612
232	1.1224241416443839
233	1.4048403720871825
234	1.0531199143617584
235	0.9811777398350721
236	0.6085977645101686
237	0.2634845795524221
238	-0.09155117695763693
239	-0.7855546553863455
240	-1.0916478546974808
241	0.5779261305168042
242	0.9016523335573687
243	0.47470290063052545
244	-0.8013586709059446
245	-0.2125368165448691
246	0.20431882406634827
247	-0.266696291988044
248	0.27743582396504607
249	0.2732866876281115
250	0.002032621024888215
251	1.5130058449331507
252	0.8784201238845775
253	0.7323832636004219
254	1.218643173437897
255	0.31301323708814976
256	1.330630992562856
257	1.232851371283882
258	0.049899614127834724
259	1.4184695489027064
260	0.7143426185229629
261	1.5475466885987466
262	1.79068128569536
263	0.7941803443250741
264	1.5848962988192028
265	1.4199253385891843
266	0.7690023017646723
267	0.2663458654060875
268	0.4199226083928771
269	0.357416539789039
270	1.0738135884957245
271	-1.6653646860329907
272	-1.7641023532444962
273	-0.24384407899564664
274	1.7999231097381418
275	1.3248366312655975
276	1.0472950299859392
277	0.45146924786305576
278	-0.5510987128075477
279	0.932597769427101
280	1.800404329379461
281	1.7124223241328238
282	1.5480918040243097
283	1.1397933772958098
284	1.6754444483632618
285	1.4170529265487986
286	0.7589224568663795
287	-0.48568631976736754
288	-0.1550212039283494
289	-0.811115515833432
290	0.4844114447105099
291	1.1875449365890276
292	0.35805557608129845
293	0.12311018556069442
294	-0.025524609226717843
295	0.39254969822532004
296	-0.28453619296344357
297	0.08502367706206826
298	1.15814396549386
299	0.9133640961834786
300	1.7902774288597598
301	0.119394371137588
302	-0.6909523929331272
303	-0.3346713537999797
304	-1.2082552095160644
305	0.28519955080723136
306	0.24253215227348512
307	0.6264167668752112
308	0.7213132135807641
309	-0.9760500295134182
310	-0.2075663604472613
311	0.31988721856681934
312	1.0624083142960767
313	-1.2451546522760424
314	0.5185394000625898
315	0.3552169968860479
316	0.05118950508131448
317	-0.5625180921229092
318	-0.16485355565029636
319	-0.3975086863147954
320	-0.703412250711672
321	-0.30980920411487745
322	-0.492541162647834
323	-0.8124900166073363
324	-1.5374949164779537
325	-1.2561536571678165
326	-0.28415280443184443
327	-0.09978397336141498
328	-1.1133654801326323
329	-1.2109346710129332
330	-0.8125566051935165
331	-0.9634080926460022
332	1.3873610993452417
333	-0.4916734985519149
334	-0.08575405147570692
335	0.3875850938005563
336	0.09383829613925165
337	0.024997648240553616
338	0.24246108579348657
339	-0.2684410423389956
340	0.10625552452798637
341	-0.19705185428160021
342	0.4733033283001511
343	-0.7152091578295501
344	-1.0569950894419966
345	-0.18588011172924013
346	-2.1337196918209926
347	-0.7962533717415274
348	-0.8432752505603123
349	-0.5346396805863449
350	0.0041328030513820835
351	-0.4682408495627701
352	-1.1426696769994606
353	-1.8877929901312855
354	-0.9572852144649078
355	-0.5042565835732615
356	0.07920312036113586
357	0.7359724427711889
358	0.4166017946741434
359	0.5859813221695891
360	-4.5450379520094275
361	-4.763253979874726
362	-3.7954764221245325
363	-3.0813193446833775
364	-2.5414615260817603
365	-1.2292179617446255
