1	79.68028271931166
2	79.0964734846926
3	78.13677564603148
4	76.79548204024191
5	75.7386019301342
6	74.27068667888295
7	72.98588666646046
8	71.63907465942209
9	69.95867165174742
10	68.61491217960236
11	67.05621138254884
12	70.72287804921551
13	69.69933483348744
14	67.95076165172304
15	66.45638003672889
16	65.38625166839466
17	64.87092799514642
18	62.96887601334619
19	61.67772590365864
20	60.574531963174415
21	83.45963578524926
22	84.67426891129281
23	82.87508935520424
24	82.83600185378577
25	82.24296886732844
26	80.14977188535136
27	78.48504641138884
28	76.59537119786353
29	75.0544704971885
30	73.37293914899521
31	71.91132476440536
32	70.5116557018929
33	68.71236537406892
34	67.0921158786155
35	65.72510367501157
36	63.96091303564623
37	62.69021755052413
38	61.28479876033036
39	60.03966370152275
40	58.81699418359643
41	61.09115612055545
42	60.34724711776478
43	60.18175661541445
44	58.421175692865845
45	57.11701143203033
46	96.95657681640098
47	96.4782727839596
48	94.28879002234055
49	92.94690066926074
50	91.515191479889
51	90.49055761760836
52	88.84989226628791
53	87.03896400396872
54	85.40189061680292
55	84.03300552819476
56	82.04175133630099
57	80.42915044464608
58	78.8663238950309
59	77.1558662694641
60	78.87785514983892
61	77.65670703718558
62	75.49511970572564
63	73.89684345707846
64	72.36581262957873
65	71.14695068158271
66	68.36350577935228
67	73.4254536489991
68	77.48367298980564
69	75.33135763634395
70	85.95482079341507
71	85.0702578280797
72	83.85728841017782
73	83.93245424931357
74	82.18512283726386
75	87.45706349602473
76	86.20082210110037
77	84.34050401830038
78	82.57625343894787
79	80.13508678168304
80	78.42862269075167
81	96.91452593764373
82	100.0
83	98.59944705914117
84	100.0
85	98.39793372319394
86	100.0
87	100.0
88	99.06216757306142
89	100.0
90	100.0
91	99.31374395135258
92	97.79279427037972
93	96.01944298162837
94	94.24152669306655
95	92.27526005854628
96	94.86269801665554
97	100.0
98	100.0
99	97.86423816889919
100	96.47299000614821
101	95.49482135707
102	93.73860834416622
103	95.12834510332398
104	93.84368044231513
105	91.95658466084512
106	89.53591887602039
107	86.67168417623014
108	84.08669544761639
109	81.37809048766762
110	79.10020009120528
111	76.72623956313153
112	73.4316434309518
113	70.97512240634191
114	69.4945932663297
115	73.38606676906142
116	72.05438755954478
117	69.58320474197645
118	67.17400218111098
119	83.56522105016934
120	85.62229160451199
121	83.50802368627464
122	80.96706686938543
123	77.87178971754923
124	75.49005709650886
125	73.08314691070541
126	70.36703224249369
127	67.56338551713793
128	65.33487931767986
129	65.85085482741616
130	63.686952361288206
131	61.039174743582535
132	68.91333233102553
133	68.43330099955315
134	65.50243412132015
135	66.77577095999074
136	71.7612653776167
137	68.56355959954192
138	65.11155932906479
139	62.94042143736432
140	60.29905997272984
141	57.653586274921196
142	59.85262029724324
143	57.11486902021616
144	55.37239708358478
145	52.92885169149471
146	50.707226887084644
147	54.67760313589145
148	52.45861488637669
149	50.77189300854611
150	48.65385529709622
151	56.48060146658196
152	58.3252362019842
153	63.88139183339704
154	66.21746306121335
155	63.472267260820445
156	60.44655421831228
157	58.0895517556656
158	55.33045424160539
159	52.383148866740584
160	49.833581376353045
161	48.06615812822818
162	45.77337997153665
163	43.26526523491594
164	40.641979851442315
165	38.79405444482853
166	37.344874465438224
167	52.24004613408372
168	50.33540547208333
169	48.40237758451578
170	46.93651063109095
171	61.56117372398368
172	59.89165184895144
173	68.60330171153618
174	74.96159622142974
175	100.0
176	97.94754963354447
177	94.6214105877417
178	91.07414689109089
179	88.27044614344851
180	85.33599098861083
181	85.10450937693683
182	84.84707655449077
183	82.31626730982356
184	80.6855393067651
185	78.41373506663183
186	86.14733549818865
187	100.0
188	97.01821887262597
189	92.35554792964487
190	88.68657418309438
191	86.63149385509509
192	83.49522644402305
193	83.88324125522281
194	83.6047345899033
195	81.77526497600596
196	79.27733300192871
197	83.41008509539026
198	79.85626819823385
199	79.7466990243692
200	76.99729790487804
201	75.78236065803593
202	72.2189869635263
203	69.3024774226183
204	65.8163927053702
205	62.206597411509335
206	58.77655884962296
207	54.904157922980446
208	52.133311348501806
209	49.48402563748331
210	46.572393007647065
211	44.314000313035535
212	41.73447406862518
213	52.846386243899936
214	50.08907091203911
215	47.46377145563434
216	45.14818325011833
217	43.35224613465758
218	42.76780615927654
219	52.82660609997906
220	56.18136609499786
221	53.84867910847747
222	52.17682099327522
223	50.26790723247358
224	61.914144405645274
225	70.34665819644424
226	67.55082954350283
227	64.5624083978817
228	61.5401873568633
229	58.600620705841564
230	55.968629938227956
231	63.70590447071906
232	100.0
233	100.0
234	96.66328214412903
235	94.79211919821708
236	100.0
237	96.91228828110451
238	93.88018585149538
239	90.60866441346232
240	87.31314107315595
241	88.09218220386555
242	85.25523446016805
243	100.0
244	96.40616016830667
245	93.1478906872563
246	90.01695765401749
247	87.6231747232913
248	84.74098072927366
249	81.36423988551526
250	77.70318856303422
251	100.0
252	100.0
253	100.0
254	100.0
255	97.50570144803412
256	100.0
257	100.0
258	100.0
259	98.63501894939549
260	97.21895125234752
261	100.0
262	100.0
263	98.20987477707386
264	97.81339814622082
265	95.77634400686048
266	93.21931578367197
267	92.48966150682274
268	92.61782447830757
269	91.33788348572938
270	91.23727934092211
271	87.35313973769587
272	84.86989900157333
273	92.00734562227379
274	100.0
275	97.84941677022157
276	95.46661701434883
277	92.9823153247151
278	90.60189985393384
279	94.7015723706892
280	100.0
281	100.0
282	100.0
283	100.0
284	100.0
285	100.0
286	100.0
287	100.0
288	97.5979720398765
289	95.63607085460217
290	100.0
291	100.0
292	98.51313353418514
293	96.86097450608787
294	94.88157080251938
295	93.12925448830424
296	91.13344678392563
297	89.37232587913402
298	100.0
299	99.06003823419206
300	100.0
301	98.89099226988463
302	97.04563851932534
303	95.75455838999093
304	93.99889707643773
305	95.54659662169871
306	94.0789342249051
307	92.69063005592118
308	91.06955438444766
309	89.12105775190594
310	87.46240099204844
311	85.85836449571438
312	100.0
313	97.80659666127562
314	96.37014633071601
315	94.81494562817502
316	93.39358129475744
317	91.76282973150529
318	90.53414311637297
319	88.79956891735331
320	87.2746993301887
321	85.85688961686803
322	84.49982515804183
323	82.71654809377773
324	80.17358568585097
325	78.42941882205822
326	77.39015089934482
327	76.3652037430508
328	74.4540272561127
329	72.25070180469746
330	71.11213452920299
331	70.12228086674503
332	100.0
333	97.94783693007116
334	96.49199892755385
335	95.05096882517819
336	93.77834134630334
337	92.61909014791856
338	91.39019235702315
339	90.21105322105605
340	89.07488407043269
341	87.82894175366846
342	87.03990765139632
343	85.81613686837802
344	84.48829399681351
345	82.83429763927043
346	81.07338421903172
347	79.88022217335815
348	78.64994556546718
349	77.49127747152342
350	76.3104234678023
351	75.22278494742469
352	75.2324210314117
353	73.40303878345966
354	71.87486289463155
355	70.73460539614787
356	69.58390312715972
357	68.61313232844891
358	67.92721217498581
359	69.9573246410526
360	78.29065797438592
361	88.62399130771927
362	89.29065797438592
363	88.15214140358026
364	86.74716904621013
365	85.45219911003919
