1	-2.284368306560432
2	0.13331732545944242
3	0.20477384972676038
4	-0.48859552005100504
5	-0.3717174012313711
6	-0.04993493833997231
7	-0.2415586567839636
8	0.009364752546261457
9	-2.65722556749073
10	-0.6991745870461501
11	-0.6686797044944841
12	-0.6424754702797042
13	-0.21011824168766413
14	0.10973005492278176
15	-0.7829737351746608
16	-0.3594107348273434
17	-0.40212319013199505
18	-4.02719538072092
19	0.9192234721720052
20	-0.6947311092352342
21	-3.731131569672405
22	1.9294811736987265
23	1.9602038852196362
24	-4.1122285254793
25	0.4417797020681853
26	-1.041868125509425
27	0.21037151279389477
28	0.6730793192287807
29	0.27705737613786674
30	1.877835538936239
31	1.2168413751962586
32	0.09339414229572451
33	0.6248709233762062
34	0.5357494129018843
35	1.6454604835645847
36	-0.8355813948108919
37	0.6646010366024555
38	1.1463962654936424
39	-0.04658786359042999
40	-2.500017251280595
41	0.3733058636654434
42	-2.207362190237455
43	0.19471637634305772
44	-0.5970649141842896
45	-0.4512185117823133
46	0.864056389322263
47	-0.04507833783150339
48	0.8650568526135309
49	0.3541864550577287
50	-0.13011187316370165
51	1.583282423692122
52	1.6315736361465314
53	0.7949598997393963
54	1.658107446120476
55	-1.6440167224477706
56	1.276702793382693
57	0.22444076886966613
58	-1.1372445010473848
59	0.9407784710126572
60	0.2516795545595665
61	0.8450180491733343
62	-2.5760443613392825
63	1.492556736392447
64	0.7526125388824836
65	1.683451253857065
66	-0.07474358820864602
67	-0.012385540991346922
68	0.7280244940799268
69	0.8637509045714662
70	0.23475512475253968
71	0.8200546682468248
72	0.20102672325997073
73	0.7839859435509684
74	0.47797748179291233
75	1.1852889891569767
76	0.44591741176671285
77	0.6690166315956567
78	0.4946599276593151
79	-0.3096946146376851
80	0.25938790452611826
81	0.9449287957090107
82	-0.46484137022976135
83	0.42863203544187733
84	1.218360357594138
85	0.14285747903369206
86	0.8969832752383633
87	0.45766220743323327
88	1.0144200386467457
89	1.1603513091753985
90	0.22974052649896848
91	1.852844168581548
92	0.8155712447495596
93	0.5814286958562924
94	0.3885419323133341
95	0.49262498365086493
96	0.6443239654616999
97	-0.2502378311707769
98	0.4101622269544727
99	-1.019027161437208
100	-0.6835474523975229
101	0.182428598336962
102	0.807655221583488
103	0.5934449441649932
104	1.0308481558270906
105	0.938622337901208
106	1.0111439649533445
107	1.83699233533717
108	1.557799839244181
109	1.634565769666903
110	0.9538954553551768
111	2.5442246464818243
112	1.5929971174634474
113	-0.0035996526699406672
114	1.0094993595418291
115	2.864391116458812
116	0.9212360388020517
117	0.2355909988553364
118	0.5843196936276254
119	0.9825339607787527
120	-0.446775670813075
121	-0.6280246597532866
122	-0.21930307055326992
123	0.172019029554896
124	0.2251651598451474
125	1.729363998738176
126	2.695607560877315
127	2.311720560817939
128	1.8539514241104946
129	0.7871104671199092
130	0.5480179931577531
131	0.4016577827345138
132	1.1719564269762266
133	-1.3731842663934408
134	-1.1964197644944612
135	0.06011061994058409
136	0.29992146648056206
137	2.13777915061198
138	-0.39487718781997216
139	0.34425983648702996
140	-1.126651456908533
141	-0.9017889545027771
142	-0.12404608294207264
143	0.35833293133779875
144	1.3391401045549216
145	1.2250273544955377
146	0.9245324150829184
147	-0.021992362295218726
148	1.2006279698327589
149	2.501926061539269
150	2.437758078372532
151	2.4441468973367115
152	0.5729567410649068
153	1.1450997412443051
154	0.923578251286834
155	1.2473302741982337
156	1.825905647010206
157	1.4832567987841614
158	1.2174456972158367
159	1.8026026614719761
160	0.9664140040059728
161	1.0015734698856633
162	1.5299054783996624
163	-0.0742774566940021
164	0.5030662740874163
165	1.6264624888470074
166	2.108202648346982
167	2.065424750195991
168	1.7704986585875169
169	2.2614134319880144
170	2.290186837303736
171	1.1804935627837985
172	2.302870611773095
173	2.5493763789849737
174	1.2614099646136587
175	1.3263491939697154
176	0.4783542325109522
177	-0.8659888655994621
178	-0.4555565427499353
179	1.0048313731325678
180	-0.19328519329734917
181	1.644195170235271
182	2.2826956647764405
183	2.52067578863198
184	1.8459573202384512
185	1.5103501819215666
186	1.3642043964374047
187	2.087616670786229
188	0.22083810727613695
189	1.668144072151641
190	1.4954340129800343
191	0.2584059188497463
192	-0.5272127447788044
193	0.20405046589372589
194	-0.28593564598597254
195	-0.7434079213309097
196	-0.5728529700599125
197	-0.9415304483579874
198	0.9096630012906886
199	0.46699549937632767
200	0.17592285573305233
201	-0.6038660167237246
202	1.045287230527407
203	1.5221882201781263
204	2.2776286381154662
205	2.1239654842806672
206	1.0898614241587232
207	1.1538005347913831
208	1.601713602497476
209	1.5442731398361502
210	1.0644468792621886
211	1.1807291220023366
212	1.8466943353546554
213	1.305173962957177
214	2.2757991674047666
215	1.5313769899349694
216	1.039874975384521
217	0.7044810025010513
218	1.242352105450827
219	1.5931985353583684
220	1.896337050063039
221	1.8731966873666543
222	2.300477954327974
223	1.290324812869713
224	0.9813993591502239
225	1.0931151577261033
226	-0.9971039068781948
227	0.18916818292670712
228	-0.13407040347622967
229	0.7493379806904521
230	-0.1868381171033029
231	0.2600601010392438
232	0.1498286620026299
233	0.28148411568319887
234	0.7990481190529195
235	-0.017957288789347103
236	0.08363545014161389
237	-0.1270661182821975
238	-0.14762158764130362
239	0.6837421818459077
240	0.246428191769283
241	0.2614436557787094
242	0.9617445511425871
243	2.700027018914323
244	1.3521265030843672
245	0.8538768154348908
246	0.3159606409287221
247	1.2017296537604203
248	1.5347003187901223
249	0.21173662205274013
250	0.9820807694654832
251	0.8337653714840236
252	-0.24209380034154648
253	-1.7692956911493702
254	-1.4132646715815902
255	1.6709685999519799
256	0.27397553865889535
257	0.043231236130807815
258	0.5514929149340979
259	-0.8417073057836362
260	-0.19096243770012933
261	0.5020619249935194
262	-0.9174308095204609
263	-1.2921264126059633
264	0.054342449546108895
265	-0.038334121887405814
266	-0.4929626576728481
267	0.7433692638607887
268	0.8662697193411795
269	-0.08305293820033555
270	-0.005929599686911757
271	0.12393646232910882
272	1.2814749261126508
273	1.6854738374042064
274	0.6282811261835626
275	2.1045127467986084
276	0.39587380359662205
277	0.07276427922371909
278	1.3376781761014023
279	2.1979751985172946
280	2.1997889025219735
281	0.25053101438520997
282	-0.5552856016121908
283	0.6515698628448376
284	0.36405214956184295
285	0.586930750638782
286	0.16959992203555174
287	0.3155013837958798
288	1.1694246469937006
289	0.8435210076094144
290	1.1457085292550548
291	1.048662996913798
292	0.6861708302319798
293	0.16459627325320625
294	-0.3893577221784845
295	0.2993842213318487
296	0.8818748541629802
297	0.5625533115847272
298	0.9895622511312503
299	2.12807220237495
300	0.1285713534205577
301	0.3914059748839911
302	1.5447954673501627
303	0.7558980782579106
304	1.084300054524487
305	1.2758686520947542
306	0.9162446651806988
307	0.5770923943633317
308	1.4039721167671182
309	0.7680480974497499
310	1.510849161398136
311	1.5919410343456448
312	1.0936747272285992
313	1.0774729035558703
314	1.087440779751823
315	1.9341443830901923
316	0.13420931094095323
317	1.2349939669304888
318	1.28698227994769
319	-0.45927662369730626
320	-1.4717409688928313
321	1.1579597358384124
322	0.035892096645918414
323	0.2969899837195902
324	1.0580020374041545
325	0.41901274318243154
326	0.28529591249742925
327	0.9104756007784918
328	0.5937637126353543
329	1.7654889120843613
330	1.337098922590192
331	1.730417687029398
332	-0.2532883706289226
333	0.21468274396722364
334	1.3038253270661997
335	1.9478454145685156
336	1.5057950189810931
337	1.4703398458755768
338	0.5038508936283481
339	1.236255144503037
340	1.3136268045539907
341	-0.39436448751755826
342	-0.11467903476933827
343	-0.416430957344077
344	0.8552135512927741
345	1.4676604945275855
346	0.8620326777001388
347	-1.1884893880679126
348	0.19565919929343334
349	0.09178634961824805
350	-3.1403883578128586
351	-0.0489817765124263
352	-0.4164750785631881
353	-1.0283382567599193
354	-0.7200167596616449
355	-1.289670871387199
356	-0.7633733293008511
357	-0.448389173446583
358	-0.2778066951809368
359	-0.13617952522655408
360	0.26007536691608735
361	-0.21952301441274003
362	0.06411793305729496
363	-0.05982427861198669
364	-2.4026391219183427
365	-1.573056435143648
