1	6.2
2	6.9
3	6.6
4	7.5
5	8.5
6	8.6
7	7.0
8	6.7
9	4.4
10	5.6
11	5.1
12	4.5
13	5.1
14	5.9
15	4.3
16	5.0
17	6.4
18	6.0
19	9.1
20	7.5
21	6.6
22	5.9
23	10.3
24	6.8
25	5.9
26	6.5
27	7.6
28	6.7
29	8.9
30	9.6
31	7.8
32	7.9
33	6.2
34	8.9
35	7.5
36	7.4
37	7.9
38	7.1
39	7.4
40	6.1
41	8.7
42	6.9
43	9.8
44	11.4
45	18.1
46	12.7
47	10.5
48	4.9
49	6.1
50	6.6
51	6.3
52	6.4
53	7.7
54	6.6
55	5.2
56	7.6
57	6.9
58	3.4
59	6.8
60	7.1
61	6.9
62	3.2
63	5.8
64	8.6
65	8.1
66	11.6
67	8.6
68	10.2
69	11.5
70	7.6
71	8.1
72	10.0
73	11.6
74	9.4
75	11.1
76	14.4
77	15.1
78	17.2
79	15.3
80	11.8
81	15.3
82	12.7
83	8.6
84	8.0
85	8.0
86	7.8
87	7.8
88	8.1
89	8.7
90	10.7
91	9.9
92	9.8
93	12.3
94	13.8
95	14.5
96	14.9
97	16.0
98	16.2
99	18.3
100	18.6
101	18.1
102	16.3
103	18.8
104	17.9
105	19.7
106	17.7
107	12.7
108	15.2
109	17.4
110	16.8
111	18.1
112	19.7
113	17.1
114	13.3
115	11.2
116	16.8
117	14.4
118	13.0
119	15.5
120	17.8
121	19.5
122	19.8
123	20.0
124	20.4
125	17.8
126	16.4
127	17.0
128	17.8
129	21.0
130	23.0
131	21.4
132	22.2
133	22.4
134	18.4
135	16.3
136	17.6
137	19.4
138	23.7
139	21.7
140	23.2
141	23.0
142	21.8
143	23.2
144	19.4
145	18.9
146	21.3
147	21.5
148	18.5
149	17.5
150	18.4
151	19.7
152	19.0
153	21.1
154	21.9
155	21.6
156	20.0
157	20.5
158	22.8
159	19.0
160	21.8
161	23.1
162	21.6
163	23.6
164	23.0
165	20.7
166	20.8
167	19.6
168	21.2
169	21.7
170	22.3
171	23.2
172	22.8
173	23.8
174	26.5
175	24.1
176	24.9
177	26.8
178	26.6
179	23.5
180	25.3
181	22.8
182	23.3
183	21.2
184	23.2
185	24.0
186	23.8
187	23.7
188	26.9
189	26.5
190	27.9
191	28.3
192	25.3
193	25.5
194	28.9
195	27.6
196	29.1
197	29.3
198	25.9
199	27.7
200	29.4
201	27.1
202	22.8
203	24.1
204	25.6
205	26.3
206	28.1
207	29.6
208	27.2
209	26.7
210	28.2
211	28.4
212	23.3
213	24.6
214	24.3
215	26.3
216	26.0
217	27.5
218	27.5
219	28.6
220	27.6
221	28.3
222	27.1
223	26.7
224	26.6
225	28.2
226	28.6
227	27.2
228	27.8
229	26.5
230	26.6
231	27.3
232	27.6
233	28.9
234	28.9
235	27.2
236	26.0
237	24.8
238	24.4
239	25.3
240	27.4
241	28.6
242	23.3
243	19.1
244	25.7
245	22.3
246	22.2
247	23.2
248	24.4
249	24.4
250	24.9
251	24.8
252	22.6
253	24.1
254	23.9
255	21.4
256	23.7
257	23.2
258	21.9
259	23.7
260	22.5
261	20.9
262	21.7
263	22.4
264	21.3
265	23.3
266	23.9
267	23.3
268	23.3
269	23.4
270	21.9
271	23.4
272	23.1
273	20.2
274	20.8
275	21.3
276	22.8
277	22.4
278	19.6
279	17.8
280	17.6
281	21.2
282	20.4
283	17.7
284	18.9
285	18.5
286	19.8
287	18.2
288	18.1
289	18.6
290	18.4
291	19.7
292	19.7
293	21.9
294	19.3
295	18.5
296	17.7
297	16.1
298	14.8
299	14.4
300	19.1
301	18.4
302	17.8
303	19.9
304	18.2
305	19.6
306	12.9
307	10.2
308	11.9
309	13.5
310	15.4
311	16.5
312	16.9
313	17.8
314	18.7
315	17.3
316	13.2
317	11.2
318	16.9
319	16.9
320	14.4
321	10.3
322	11.5
323	8.2
324	10.5
325	12.2
326	8.4
327	11.2
328	11.8
329	13.4
330	14.6
331	14.1
332	13.8
333	10.6
334	9.6
335	11.5
336	12.0
337	10.1
338	11.7
339	10.3
340	11.2
341	10.3
342	10.1
343	10.2
344	11.0
345	8.1
346	13.0
347	11.2
348	8.9
349	7.9
350	6.9
351	7.0
352	6.2
353	5.2
354	6.3
355	5.9
356	6.4
357	7.7
358	9.9
359	9.2
360	9.4
361	9.4
362	9.4
363	8.1
364	9.2
365	6.2
