1	-0.8484870257745651
2	-0.43811614439850377
3	-0.22293584946689293
4	-1.008202477755285
5	-1.136522900578811
6	-1.0009297308923903
7	-1.248061188621782
8	-0.7550985040658231
9	-1.0276406605698973
10	-0.030103304600806347
11	-1.363069717733465
12	-0.23024431270783108
13	-1.0536210251170033
14	-4.476758773274594
15	-0.7044889718764864
16	-4.816733603958262
17	-0.10342214484011913
18	-1.8707711887072689
19	0.5023583644833698
20	-5.622914699562777
21	-2.5054545650966933
22	-0.3884982055613957
23	-5.829523616502567
24	-2.1297447894274466
25	-2.2905632934375455
26	-1.7190840460064614
27	-1.421293726426267
28	-1.2632426579176363
29	-5.736215135463763
30	-0.5527093398360341
31	-4.018008178317843
32	-4.3392442490374
33	0.8471661662394716
34	-2.232989206632312
35	-3.6283374707999565
36	-3.396886148309015
37	0.4883308809539404
38	-0.6931572234606431
39	0.2628215487357828
40	-0.0509465126634705
41	-0.8089618859445
42	0.41791665248972976
43	-0.1887595525716268
44	-0.8705545193728534
45	-5.101828244442512
46	-4.040829181202805
47	0.8670150437104382
48	0.88033317373778
49	0.06383730511641872
50	0.6667592468680263
51	1.3122500842722982
52	0.10950073209769506
53	0.09315999326937074
54	0.804315032125448
55	0.5349798778797901
56	0.27493259666287884
57	0.720323751779123
58	0.4494153973888171
59	0.5127516005218364
60	-0.18192387046093295
61	1.132624721072017
62	0.8751945143664113
63	0.4138302599452661
64	-1.1337335396621437
65	-0.7330688731672339
66	0.07764511411658503
67	-0.20693208162888777
68	-0.8016138444495144
69	-0.3432098498089591
70	-1.0423096433865346
71	-0.5104875022885427
72	-0.5212169700268365
73	-0.7552341951618704
74	-1.403319461112158
75	-1.736132047745075
76	-1.20509308766254
77	0.01723279202639283
78	0.6930417740646586
79	-1.0136621504389076
80	-1.5798721573267596
81	-0.037484389574055754
82	0.8502200213356534
83	0.04286449346691512
84	-0.5173640120142746
85	-0.22560436529447703
86	0.1329123659036
87	-0.8834594937080631
88	1.1071763585841339
89	0.5828466759166542
90	0.8435409794674626
91	0.8162845263977374
92	0.2572742071370442
93	-0.5116081097871721
94	-0.32992395880141956
95	-0.6746022106466878
96	-0.37327001125748716
97	-1.0880447723665299
98	-1.7893560880935127
99	-0.7068657437371186
100	-2.4539247506469763
101	0.42146667765937806
102	0.32939175451502933
103	-0.1800508507361478
104	1.246216386402411
105	1.3428080645868015
106	0.8098617114150386
107	1.193379333589439
108	0.9529525428240238
109	0.9582632366977766
110	0.009945403868069747
111	1.4195035185588
112	1.9023463282023503
113	0.5739056693692852
114	-2.126309286709658
115	0.0554732617879683
116	0.426508004325747
117	1.6039025222899497
118	1.4954026669218408
119	-0.98292663585584
120	-1.7741438325808776
121	-0.6693426972895544
122	-0.3442210968674466
123	0.18007020317710065
124	1.5993602894608756
125	0.8573314432447106
126	1.587609820410897
127	1.2038699749921378
128	1.5310978822637225
129	0.35839110661651574
130	0.9306356013997608
131	0.12512002468463024
132	0.43774683687513516
133	0.8424780462079902
134	0.8271468599423102
135	-0.29587954345457135
136	-0.4633793089789542
137	-0.7156121899230037
138	-0.4999475655582657
139	-0.543843431839548
140	0.10452436959700506
141	0.6129957382015405
142	-0.09592290067828912
143	-0.37742922236543563
144	0.534583978257281
145	0.25026160760932825
146	-0.9079950390109026
147	-0.6496733981150733
148	-1.3894795253899588
149	-0.8049095263338444
150	-0.9319614540797936
151	-1.146486685518525
152	-0.24596188497092797
153	0.9766665251357622
154	-0.5092280410578027
155	0.47308708275163625
156	0.10481674750004188
157	1.4254610406814905
158	0.29274308904577495
159	0.6712888682712972
160	1.0587362621670984
161	0.25798799554549845
162	0.41681676570544113
163	1.3133382585412114
164	0.8082577705140537
165	0.40548134056408713
166	0.7170305935671735
167	0.0490439155298219
168	-0.6258665652365778
169	0.6162617954166194
170	1.0295421702790577
171	-1.176224802155037
172	-0.14710320772765328
173	-1.4834787840935277
174	-0.8226617711150688
175	0.8622602871415133
176	-1.9122270578978018
177	-0.27423708886142606
178	0.8009439256594284
179	0.7875785282361321
180	0.1261436896258452
181	-0.04875109793145427
182	-0.26763279271178675
183	0.22721018135861826
184	0.6021978076736652
185	1.31448136350987
186	0.19006854106547166
187	-1.0048964556544568
188	-0.21429755031790876
189	0.26271505941118534
190	0.17429278827356143
191	1.2786691709815408
192	0.7445218820557216
193	1.2288433636456837
194	1.2513474941590772
195	0.6460269309887963
196	0.6025858078724511
197	-0.18512923470144216
198	-0.9540914765654023
199	-0.11942698198443225
200	-0.0006592354680634571
201	-0.3842118582080829
202	0.8102476898904385
203	1.1422804135180655
204	0.5218171807674565
205	-0.03294632585470225
206	-0.5538643888194557
207	-0.9026294322269486
208	0.6680756803017474
209	-0.8401711513323065
210	0.37573061588320655
211	-0.9979843490193154
212	0.5438851746108071
213	-1.1851128459092592
214	-0.1700937421725719
215	-0.9974141953398572
216	0.09540154100778508
217	-2.1161517085246473
218	-1.0537718216281355
219	-0.13725317643375945
220	-0.2605722071441896
221	1.1252421066247607
222	0.683934056129992
223	-0.13267531784229547
224	-0.14307464471863796
225	0.3515974980893759
226	-0.3499671360747669
227	-0.4205879403142845
228	-0.2988673402880835
229	-0.5027824229230013
230	-0.8472600928960681
231	0.09759823671918966
232	0.2291978132256851
233	0.23682666946690745
234	-0.02461563014156809
235	-0.09041153159903104
236	-1.923197740073821
237	-1.1131472570797882
238	0.615262893318743
239	-2.1174117985873195
240	-1.0519432865396467
241	-0.3957419492638685
242	-0.25924277681187746
243	0.09166633732598939
244	0.1407559119847761
245	-0.29375434715128534
246	-0.1701686852746036
247	-1.0673493165757115
248	-2.87073824491463
249	-2.100435008680531
250	-3.048705331848506
251	0.25244580161716357
252	-0.6553864570128276
253	-0.40640363956400805
254	0.2761104328449022
255	-0.896927722654226
256	0.04578431746136147
257	0.7698757963942349
258	1.2271021327985636
259	1.1946565861208143
260	1.4062539841831878
261	0.5837641469158079
262	0.5155277670029079
263	-1.3523147136243843
264	-1.4058765705099034
265	-0.5836070028480194
266	-0.014162221854984836
267	-0.6842910688500154
268	-0.8214645231293041
269	1.527015602960791
270	0.4323953178513804
271	-0.35521207975806135
272	-0.7637320245376706
273	1.2058189407806097
274	0.32268751873370505
275	-0.85057720049236
276	-0.15517387752639067
277	0.6608445725768597
278	0.15406494522031267
279	0.014062300847808018
280	-1.0102181127049015
281	1.062173638622177
282	-1.0560180190369763
283	0.3131991443463171
284	-0.08460338084158892
285	-0.2500930168200064
286	0.8582769348344321
287	1.5992818078004163
288	0.5033530611961119
289	0.782817670606903
290	0.3418819050942794
291	0.5094156670335224
292	-1.401546162482024
293	-0.9910542387743355
294	-0.7026324700027615
295	-0.3611760981652523
296	0.19221137492334606
297	0.8219900859862541
298	0.21551840959846302
299	0.7195620871086206
300	-1.278397791923318
301	-0.668871549299018
302	-0.45093838897259886
303	0.9509448904285058
304	0.8353429775369214
305	0.501696310918426
306	0.08582934403123943
307	0.6331987945152164
308	1.5128545252751167
309	-0.967017714734336
310	-0.2802926620535757
311	0.29401939707777913
312	-1.869283044844952
313	-1.6802850370801075
314	-0.9281917692863892
315	-0.9637329021659404
316	0.080578894695984
317	-0.09079713928124988
318	-0.3601683651533527
319	-0.13233858189173553
320	-0.5668063417914198
321	0.006261898488409301
322	0.5890057538716178
323	0.49191837725560816
324	1.3354878191666906
325	-2.0286924635903816
326	-0.2705775557193668
327	-0.27358071430056086
328	-0.42141261471723546
329	0.08847167841755521
330	-0.34415893286929666
331	-0.08505963863525068
332	1.5748120778959347
333	1.6114184700315626
334	1.706866512995724
335	-0.7947393256000801
336	-2.824695799057233
337	-1.6223520276288586
338	-1.8666486603717765
339	-0.46464407927686935
340	-0.5939189898465269
341	-0.4560336748405067
342	-0.5705648199135336
343	-0.2816882939748595
344	-0.8533959377551845
345	0.031059692789728643
346	-1.3867972650633629
347	-1.535688209677124
348	-0.7733044781749996
349	-0.8302756158289988
350	-0.6801684533840939
351	-1.591972856408649
352	0.07759861787321043
353	-1.0863042052475373
354	-1.1026553055592263
355	-0.22162898048105806
356	1.3591955383843146
357	-1.6294051931665958
358	-1.7897540837624755
359	-1.000815225507993
360	-1.2595723354215274
361	-1.53509606732419
362	-1.6697666955591046
363	-0.9515173644961239
364	-0.903118052154821
365	-0.8283946927640251
