1	247.9575368618849
2	244.2271247722209
3	239.16050849858843
4	237.78489330012172
5	235.15990415986948
6	239.99780545207392
7	245.07239821704437
8	246.25298440542545
9	262.65014686915345
10	244.20929335666148
11	235.96633445746
12	226.2998177138135
13	228.14754476937878
14	235.27444489577297
15	232.8430317533049
16	248.81836680333217
17	261.75559565840035
18	274.6704388349657
19	259.4376386916283
20	254.12462734263556
21	251.40997153391405
22	235.14506124376538
23	233.82906192484742
24	224.1244326107881
25	217.98801796503454
26	219.5127049836895
27	227.269292590627
28	227.5090115080925
29	239.10594125876045
30	233.1780433165599
31	233.6427946528822
32	237.90162065029241
33	241.38121437063637
34	248.78711449749576
35	243.63073203125438
36	236.9037396070077
37	229.15141064660395
38	230.58184583824112
39	233.04861495998512
40	233.56994008446352
41	246.649400639299
42	255.16783822278902
43	230.94811941459696
44	231.2879896359587
45	243.5723609929156
46	256.79658040470184
47	247.6657428719708
48	244.421187699911
49	229.9635646998955
50	241.74184108784002
51	252.35158848788828
52	243.89994084368777
53	242.52065662727264
54	251.38483611919102
55	249.34072019021187
56	243.50829908138803
57	248.21632325804146
58	256.65280735863337
59	264.2554669875761
60	281.868031071026
61	252.73407428551891
62	259.34160548060106
63	286.0007570094156
64	289.2189277235162
65	260.5810383710526
66	243.72750637731752
67	261.6439297958163
68	278.6540470787693
69	263.1498849244521
70	261.4481511434559
71	261.3944292872957
72	270.3426746740122
73	289.85353275909426
74	300.2669579106254
75	282.07335097118084
76	251.8183960987208
77	269.29759982582186
78	285.6626516841267
79	274.29786770036117
80	248.47130415367604
81	277.5290719092023
82	280.45915048853874
83	281.84769279883596
84	284.7954172675346
85	291.2110332328514
86	302.65376723400163
87	309.96978035743155
88	312.5557144710383
89	275.47362183834724
90	278.3689904772723
91	304.03648029091653
92	315.8985891890227
93	329.07399219242467
94	328.15196938922134
95	290.4627843406781
96	317.7713744393785
97	300.9342027304882
98	266.02218413901767
99	272.3719388977044
100	284.58174550678507
101	313.0069820177207
102	313.41689907426394
103	277.54199396563024
104	285.26842315788707
105	306.81153931960745
106	291.97921552489817
107	294.25545622487823
108	307.3799769701711
109	321.01875886449403
110	325.4856197190481
111	332.2481470937976
112	346.1179236714227
113	325.01591153747705
114	317.6011082892028
115	337.08485059290933
116	319.11959715043594
117	322.5530251671085
118	323.1369938187335
119	332.9404867456604
120	340.32599016182655
121	347.28444321235105
122	342.38581710249065
123	347.7080575730222
124	311.85005489372
125	313.9750450537891
126	330.7135518551282
127	331.89846884595005
128	304.5437975193148
129	297.98584513605886
130	295.85184371239023
131	313.64992326119426
132	334.85802123537076
133	329.4918618732401
134	339.2137017328654
135	343.007155074289
136	365.1879719023583
137	380.59626406921586
138	374.2188980031428
139	337.6844643107981
140	309.80735825955907
141	327.7503886721142
142	335.695354137011
143	336.8154054947468
144	354.31581345853124
145	355.45061837511554
146	347.19798587376414
147	349.364329012479
148	356.295751610239
149	367.9487956295829
150	358.8906549135562
151	346.78951115586483
152	345.5909934209487
153	356.5576502890047
154	361.5785192234472
155	363.08237132145564
156	366.5886440919126
157	361.49610430305376
158	373.74724289660384
159	378.07755261247036
160	388.25718860004866
161	348.78285191623763
162	355.5796628685562
163	360.73417332684664
164	358.0348926610469
165	346.63352162738346
166	338.72198072385214
167	322.9876558508146
168	335.23479865984484
169	344.6003783648776
170	368.3105936608087
171	362.5449065400844
172	373.40159711458404
173	371.8162452513105
174	357.7223821452437
175	371.84194793923155
176	388.49603699202976
177	389.1776459902811
178	411.90080348930735
179	408.8843337438664
180	416.9648695983011
181	417.10148632595684
182	413.572196081732
183	419.40600414828464
184	417.08387127707437
185	407.0127527171867
186	400.02775191373934
187	365.9041412133488
188	367.4911793114376
189	396.5888935010549
190	411.32612758526324
191	413.3453600662107
192	417.16422691819065
193	403.13695044851494
194	422.1952782769387
195	423.88772524781785
196	427.77332055785104
197	432.9515879120943
198	432.27634286205387
199	438.3423524800102
200	433.93488142516003
201	431.91483208371005
202	435.684247394297
203	438.45543526940753
204	436.40333460960585
205	427.1827864548834
206	417.35311029652667
207	393.77376762187464
208	384.52108945344236
209	390.36466202945246
210	418.20000159348723
211	416.85343793347806
212	424.28016669611276
213	435.6589527135022
214	427.978885452453
215	428.87381898534574
216	421.2201290738483
217	438.22565848457793
218	417.46194689108523
219	378.9564707864556
220	398.15691954652556
221	416.810096254796
222	423.3640239396402
223	420.04490180304055
224	413.0742396970037
225	417.6198351317379
226	420.93024165826057
227	426.1100270936039
228	410.22580848184157
229	361.59823131843706
230	351.51762297711565
231	364.4479890000868
232	379.510632433855
233	406.2353519036821
234	424.159766992861
235	419.6485102851079
236	420.04490180304055
237	428.5957188257981
238	432.3468678330469
239	413.44931078553486
240	397.4176281673847
241	398.0437742894895
242	412.7436483102455
243	407.8929095486216
244	390.7487698371143
245	369.8051537397463
246	383.4196081012397
247	400.8447036137394
248	401.72372741158296
249	397.3728061443114
250	391.09614700741935
251	391.55788310464976
252	396.1020866055325
253	391.4201569938256
254	362.0973170113969
255	348.5978570299623
256	362.57026995349054
257	370.1759870582818
258	366.95364147883373
259	381.2913145630656
260	390.17518311647257
261	378.0799240834817
262	360.2808100689041
263	346.2406230848509
264	342.0033638230218
265	374.25290309272265
266	374.72429567394306
267	384.03654625802307
268	362.1036289606751
269	341.1642308871097
270	328.6131451247349
271	344.5352291932689
272	343.86616308621046
273	356.5119901568028
274	387.1514088907249
275	345.545871421867
276	354.9169629770674
277	349.1074263507513
278	348.40694568741753
279	378.8171650412357
280	382.6635142394183
281	354.81980753829805
282	358.4446804915485
283	360.7130899632925
284	355.4874763829754
285	337.21179343899814
286	318.5516826292127
287	327.07038882300776
288	331.8823656074258
289	326.6710708177988
290	326.24618915292564
291	323.6741418939817
292	320.91364185869867
293	322.0506533201217
294	310.00630874433386
295	308.39902950263706
296	310.5364377393229
297	331.77760201191956
298	321.9440984199688
299	321.7261577478469
300	331.2858115382682
301	316.4840420928182
302	320.861445123866
303	308.78112604316357
304	293.1756735522858
305	292.38119741943285
306	292.824453374018
307	301.294770517358
308	309.9439351292942
309	337.3683163215797
310	335.7407549137532
311	325.9548144788953
312	319.67031610299125
313	324.1410256042557
314	328.3119398826996
315	308.75499142859405
316	312.2745274585951
317	311.3762269696209
318	295.54436428425674
319	282.4344725298196
320	287.00810060504233
321	297.8531658357015
322	297.63818047887327
323	305.5817529151932
324	278.21400531298315
325	274.2668664951138
326	283.05493683965705
327	271.2936900140394
328	265.48541196434036
329	271.52853994888153
330	287.0715778244171
331	294.8608102168243
332	295.99351885868
333	289.3182887269892
334	279.2129962272563
335	276.61855624224086
336	268.7070846390178
337	286.3480292375193
338	309.09080727209897
339	304.9998267263739
340	285.78304235343745
341	288.06597624642416
342	266.060432980569
343	250.33342919105624
344	246.75625683049478
345	246.35876161753865
346	262.6518670794861
347	256.9470702120609
348	246.78200561469842
349	243.38303292043716
350	237.82623682967008
351	259.04419759385854
352	262.9675287319613
353	260.0923563486016
354	264.0803115315896
355	260.0932943806536
356	272.1941216624722
357	279.4280591740753
358	256.2793221369016
359	241.60151867416593
360	251.90564120469108
361	262.98098742857553
362	236.0195867018765
363	234.42387041715517
364	234.02748325961787
365	240.15353368921356
