1	-1.5798327598352602
2	-0.33060541849006775
3	0.4480380514094895
4	0.5469097545023782
5	0.08865798237706723
6	-2.7608033026217536
7	-0.46244015526469084
8	-0.5414061354019113
9	-0.8999372849634186
10	-0.4743601360907652
11	-0.26940576999695054
12	-1.4713302354261941
13	-0.9158475711529901
14	-0.9991380303368649
15	-0.8564325548330922
16	-1.1500681691354266
17	-2.8460739141684277
18	1.811329157416286
19	-0.031187570026486533
20	-2.980464257900095
21	-1.1277442858536109
22	1.1139582093113765
23	-0.5548621211254794
24	-0.696675524010721
25	0.04945645510608987
26	0.1514648053145704
27	0.2617712857478711
28	-0.1834729214314832
29	0.6924185531365472
30	0.9175811421342148
31	0.6486657526596122
32	0.03313152460876889
33	-0.19925680420662673
34	-0.11035060874222768
35	-0.19338124367276066
36	0.035859132475258626
37	-1.0277283057264182
38	-1.1380301005686322
39	-0.5296275827935348
40	0.8404646291321249
41	1.4919965411042053
42	0.21411934921971731
43	0.2888167738386498
44	0.9805008335278211
45	1.0828502013736045
46	-0.198078536390212
47	-0.2639705346201682
48	0.6776450043500191
49	1.2502059107411663
50	0.27840057754661807
51	0.20540648385238747
52	1.0386521859332127
53	0.8132981040678722
54	-0.06824311459847898
55	0.0686702734082445
56	1.3867553637654892
57	2.5769081785976846
58	1.0104970292932505
59	0.039429196562862145
60	-0.7290471465149961
61	0.45577974737015303
62	0.3590929506588125
63	1.2004547387448916
64	0.8145703220138252
65	-1.809710699847125
66	0.14365609564007276
67	0.4056106978644509
68	0.760029634541576
69	1.4430907220947446
70	0.34904580248839867
71	0.6168737973947609
72	0.14318165332234933
73	0.07417670114682906
74	-1.310005377854906
75	-0.2628137443896801
76	-0.5831093891050969
77	3.5947860160030043
78	0.30788752418869425
79	0.2328938961902658
80	0.6535073230068491
81	-0.04427167097744622
82	0.05257507594473587
83	-0.2897338701450458
84	0.33207749350241755
85	-0.9469485547892802
86	-0.6822119342862063
87	0.7343348997331223
88	1.3310140887437605
89	0.6675932114709191
90	0.4379317825005895
91	0.6727383877489128
92	1.5700963176517266
93	2.1182842921263587
94	1.5596322891524599
95	1.1505355889807394
96	0.7190820603322337
97	1.8473009191162841
98	1.9022643252988463
99	2.177806512637705
100	1.638280757010758
101	1.0477140966849952
102	1.7444940283742394
103	1.0126332996502416
104	0.11788302405880202
105	0.4085973215509995
106	1.6570339744068825
107	1.4430616699231589
108	1.3231780882361583
109	1.397819306142381
110	1.2358895586196201
111	0.8964212295586229
112	0.3612959342929756
113	0.5071668243760126
114	1.2403590676754561
115	2.4484875372774653
116	0.9458793723885037
117	0.1603861782118834
118	0.6459378726668774
119	-0.09984691770777587
120	-1.210050609338758
121	0.9119687099433502
122	1.364888658349038
123	-0.46162158190286817
124	-0.5731510700429574
125	-0.11588139771713202
126	2.079217590965694
127	0.9423818824889203
128	0.9040309014401053
129	0.24622684270649486
130	0.32406971675787233
131	-0.9865191239799849
132	-0.6115702056440817
133	-0.2419487259797073
134	-0.6693149126864313
135	-0.1168845104218974
136	-0.5988748363108272
137	0.8527992695380959
138	-0.06961173521899511
139	0.7995818317161678
140	0.11167285465177201
141	0.9460065936627835
142	0.6700497090061397
143	-0.2899511050023662
144	1.909262693825351
145	0.5421443672485395
146	-1.5688437253105256
147	-1.3086690227923086
148	0.9325193285496027
149	0.6148681713916417
150	1.008841905699441
151	1.4068316129672134
152	1.1653528935350153
153	1.0971720449982634
154	0.4723743505228093
155	0.8869548858225862
156	0.28462086938620956
157	0.602296721568564
158	0.5098910456354844
159	0.880073175676344
160	1.400060177561027
161	2.555577375654881
162	1.517813548014388
163	0.8709745654010561
164	0.8775189055491168
165	1.3331216388142622
166	0.12001395430641182
167	-1.7457945288067158
168	0.5837259137563109
169	0.07306244662284556
170	-0.19271026312969752
171	0.005329800740216939
172	-0.1363126994166599
173	1.5380066156531562
174	-0.6577462636693419
175	0.17401326130799077
176	1.1077153728820939
177	1.0492823679084609
178	0.20074106904850453
179	-0.10932204722768546
180	0.6486568115188689
181	-0.22439941655018458
182	0.23965176013891565
183	2.031722254235987
184	0.7164427750939772
185	2.4529759538853924
186	0.2812906086851079
187	0.9900891062386918
188	0.3994732934816909
189	0.05419157389749785
190	-0.046828579173062934
191	1.4187343282404683
192	2.192682952743855
193	1.8131936215729105
194	1.947889307343555
195	2.5218904577632095
196	1.6468580291183628
197	0.45640722097595443
198	1.4641905985996821
199	1.5346012694479398
200	1.0277211761490186
201	1.1890022246224419
202	1.6214213774856887
203	1.4331372240314977
204	1.534768236388583
205	0.264292993258902
206	0.8941296373789882
207	0.8617441302959179
208	0.7766273734108786
209	0.07281225485014176
210	1.2194612231785484
211	2.529904608984296
212	1.6232865859682661
213	0.7421978705178347
214	0.823712736140461
215	0.07581297854215663
216	-0.12898554629233416
217	0.7800793505764894
218	0.6934427217465782
219	0.4036487900684911
220	-0.023302656096014118
221	-0.025871931350938127
222	-0.20590703473999383
223	-0.25469114729363795
224	0.2429356660337021
225	0.49335619492787686
226	0.06356728199375183
227	-0.5100629687948981
228	-2.80601034707626
229	-1.900325721193905
230	1.5866192206436764
231	0.8186308667499596
232	0.6663253275080763
233	-0.5297753428544496
234	-0.16065159749655322
235	0.8893279642910166
236	0.437162098878801
237	0.4217202953120136
238	-0.49291699241610587
239	-0.23839792791630998
240	0.5073889208862923
241	1.6933345407574052
242	2.2889308032778573
243	2.4155477417330076
244	2.022973924331879
245	0.8891709305319466
246	1.1873016051076775
247	1.3847909080450798
248	2.1980475636726773
249	1.811863534336947
250	1.7999119503099976
251	1.6066143999754736
252	1.36728751937612
253	2.0367063868652764
254	2.4272774689424104
255	2.366976706689094
256	1.620522526912243
257	1.289740929626106
258	0.9696465340626048
259	1.0072324642426338
260	0.7678095701571408
261	1.0497263490599948
262	1.3479790410946038
263	0.7851706287083324
264	1.253104525144952
265	0.47342081447085604
266	2.305455101182467
267	1.547435929995558
268	0.317282906168991
269	-0.3067995389971081
270	0.09643471994095165
271	0.08812219770795338
272	1.9531953991907365
273	2.708426859194226
274	2.413159516436849
275	1.7568851001585273
276	1.2529123071533057
277	1.1707177002983364
278	1.1859697099534863
279	0.05270993542099589
280	1.4044721738327723
281	1.194634640702425
282	1.4060949953613466
283	0.3516115701885525
284	0.6984837772292565
285	-1.7490089435108764
286	-0.6578555861627571
287	0.6188411982493811
288	0.3024824396991832
289	1.8286476078895717
290	1.2670065907418397
291	1.028211822850455
292	1.5312483871484215
293	1.768902564732418
294	-0.5414967097788264
295	0.9460579756189738
296	-0.306029461726105
297	1.0976751206185877
298	1.2108027014786575
299	2.19310344658782
300	2.7179920298965605
301	0.717979715127381
302	1.9234945117349866
303	0.7864969907982555
304	1.9331769721485053
305	1.7395287915472792
306	0.9137340009882653
307	1.6781706208087517
308	1.4262997238587012
309	1.4285304290914205
310	1.7037149318821392
311	0.6543152640870069
312	1.0763330463215386
313	0.6025175995807803
314	2.0384771249462563
315	2.0549151565321395
316	0.05655340521921737
317	-0.04363603934480764
318	1.3991702581074499
319	0.06797553614892138
320	-0.7061283392356863
321	0.8057598173629401
322	0.9871252073699441
323	0.27684409521495024
324	1.1638218063783583
325	-0.09604394977197828
326	-0.16696039539694407
327	-0.14605256721543203
328	1.1223968465795027
329	1.5226942326732917
330	0.9094266256277006
331	-1.277346160511259
332	-0.813981416063358
333	-0.7298945747304204
334	0.2334062259240035
335	1.7979239893094245
336	1.2090640348917425
337	0.9218124755733426
338	0.7902528109263169
339	0.2981843015304033
340	0.1941181357140973
341	0.7290861121774022
342	1.0246197784928146
343	0.683470010953684
344	-0.049796787745697735
345	0.5744726874187842
346	1.8344091528607418
347	1.858163401021157
348	1.018655406316535
349	0.7298976046786336
350	0.7830876892205199
351	-0.7977682397362771
352	0.06926896836939989
353	0.5737472098581584
354	0.7453425609340574
355	0.2576233025436254
356	0.34730493847940647
357	2.29868179262027
358	0.9928595036917933
359	-4.115264086129302
360	0.2427512479575391
361	0.49175958453008484
362	0.835435754703127
363	1.7397360075955142
364	0.45660412465990596
365	-0.15127358100182509
