1	0.4800829203309007
2	-0.09121772426040842
3	-0.8387444489472946
4	0.8437950421111369
5	0.09607751766161687
6	-1.2643157381897687
7	-0.35249642716826823
8	-1.2077196965961994
9	-0.7389405143160959
10	-4.836831852639169
11	-0.035926779640251816
12	-5.114138086597058
13	0.7785033524823408
14	0.9078608933362249
15	0.9676467167842953
16	0.0009559487437877934
17	0.24176205647346638
18	-0.7455654331409631
19	-0.5002767745483352
20	0.09243297200073375
21	-0.37909405308622013
22	-0.3185882320140303
23	0.4890216016645308
24	-0.6043786591111076
25	-1.014095527249844
26	-1.1685465318047585
27	0.06427607053442319
28	-0.4252182637537141
29	-0.32290549967912785
30	0.7281204345595977
31	0.2844691103057757
32	0.7093603390387218
33	0.8973295321462507
34	0.8808766025271524
35	0.1401316580745231
36	-0.7154884591412891
37	1.1664657805121355
38	2.045440478227503
39	-1.145290885958615
40	-4.405194887340588
41	1.381551861097587
42	-4.190580747541362
43	-0.14337101223899573
44	-0.39051469574059716
45	-1.1089956258274727
46	-4.157048530968784
47	0.21121410801139362
48	-0.6344249252175116
49	0.71517121050233
50	0.48739577200307416
51	2.548226535468407
52	0.022170207921032414
53	1.2704027243157903
54	0.14297487686785182
55	0.7372904680553489
56	0.6104720488722641
57	-0.1393757619238265
58	-0.34181826736560517
59	1.4927613615167967
60	1.8325939574817767
61	-0.1873424288426051
62	0.9670541410172175
63	2.0634083011291446
64	2.672482414444035
65	1.5862973752883924
66	2.313498082154844
67	1.2740268869480262
68	1.192494777020599
69	0.9018156343572414
70	1.750975087662173
71	0.5401308396490041
72	0.4645221965979722
73	0.1923906796485202
74	0.6998602995344925
75	0.8857199918573198
76	0.3196778175827948
77	1.3166932020235969
78	0.5257154255382233
79	0.12050100258299778
80	1.4387483177610854
81	0.03587341666196053
82	-1.1976698810060666
83	0.5816949650811551
84	0.8419494647260937
85	0.056975089466964945
86	-0.5593324188395918
87	-1.5824878945373069
88	-0.718220639847635
89	1.404262884084126
90	1.6441777520156577
91	1.437811837489793
92	1.4290711649290229
93	1.1934468207762432
94	1.1657006192584678
95	-0.05844482261970718
96	-0.42418523802767005
97	0.6448271344023055
98	1.5549036350308079
99	1.909474851221912
100	1.3595471626672175
101	2.287777373857727
102	-0.045642742440273665
103	1.22489835057476
104	0.2843063309779801
105	0.7953033503507569
106	0.4444786470380535
107	0.6460096102980373
108	1.4699358393685884
109	1.7658911322133015
110	2.2844260792345885
111	2.1708448891577845
112	1.571964495073754
113	0.8933670346817308
114	1.6579728526431872
115	2.8963942728556447
116	2.0717663516017755
117	1.4749872804055322
118	0.8701412286740027
119	0.9027688970810495
120	2.7473472616020445
121	3.1750451377090805
122	1.3997496935432707
123	0.2002786586958436
124	1.339157382938744
125	1.6682275210664805
126	0.8756751630267026
127	0.22536568442361116
128	0.2282959714257231
129	-0.8289953471812765
130	-0.7047739125495767
131	1.038033983958222
132	2.2076070462532797
133	0.9386843042356752
134	1.2226096288921937
135	2.1023406417502706
136	0.9543376405403308
137	1.7208857986741073
138	1.2175294401444212
139	1.121417926825245
140	1.6802713863090055
141	2.5936066245903753
142	1.570825025157209
143	0.050726035637122635
144	-0.543108259657096
145	-0.46954183742400346
146	0.02021265980527076
147	0.08054596323167118
148	-0.7581188430976553
149	2.4087641880150095
150	1.1715603752543622
151	0.7106496540988623
152	1.0593023074976635
153	0.9228165850898229
154	1.5879146401568498
155	1.7950922244247458
156	1.2294913388424042
157	1.1868498785304915
158	2.121621915043473
159	2.2559441269873695
160	2.04048762772274
161	2.613556365913958
162	2.0100480640182354
163	1.5012788946671591
164	2.710742845613158
165	1.7808725711750846
166	2.592027697382555
167	1.125368711662425
168	-0.48491325861047585
169	1.0717117280215263
170	1.9525222062858845
171	1.4594413682734597
172	1.9103059561622402
173	2.3004969136983853
174	1.6885424632909043
175	2.876140838128091
176	2.5607767902053276
177	2.0705854910324213
178	1.204110881583972
179	2.108111657349877
180	2.665428901925395
181	2.6186511432624187
182	2.768850969909874
183	2.6364826666726096
184	1.9216070493060755
185	2.2864551783920213
186	1.7844223654359226
187	2.3359201727756016
188	2.8079781320809225
189	1.8008488248721939
190	1.0752562571433941
191	1.2214692431473253
192	1.687879610585096
193	2.985479129209356
194	2.3876418621947053
195	2.7746179833494153
196	2.51763462276881
197	3.0140389426146434
198	2.623660402564127
199	1.9780018292353105
200	2.4830102869421857
201	1.7863294969691808
202	2.109056641634318
203	2.507923487354528
204	2.6876509527210217
205	2.1543757937961523
206	1.7404177120418396
207	1.3764253990232973
208	2.048237582073803
209	2.429378400656912
210	2.114482181009649
211	1.9192393295165644
212	1.8877650825660055
213	1.3295150846410024
214	1.3419181038992356
215	1.545506743454382
216	1.2728501380749009
217	1.2501871854044175
218	1.1226800016043263
219	0.8509191018573503
220	1.2944950502048087
221	0.9662507858386533
222	1.1031998974337327
223	1.2113617096466172
224	1.392873911693112
225	1.4605073979505825
226	1.695613506542312
227	1.4285507070470906
228	0.5165144684892553
229	0.7445974253152663
230	0.5729903474018343
231	1.1681876806098117
232	1.929415272354639
233	1.495290861313471
234	2.1672138684354465
235	2.188761030357032
236	1.4504831926812365
237	1.8643368787148908
238	0.7216236958523972
239	1.735359616249415
240	1.999224536645329
241	0.8285875201256516
242	1.4868153465629348
243	1.331431135875544
244	0.8850758222040973
245	1.5119304027223563
246	1.666707970039699
247	1.2872650832693218
248	1.1138533767805292
249	1.4017579620402785
250	1.4246882506964056
251	1.4752451242433509
252	1.012298808819132
253	0.64484376492819
254	2.0413506032092954
255	0.3512104580670936
256	-0.7533242476953994
257	1.1000932732808906
258	1.2403781541080328
259	2.5994871393006065
260	1.7523905178950692
261	1.970426576089853
262	1.5719419770240997
263	0.31784947679841835
264	0.5172655348586304
265	1.7430225079300463
266	1.7898210683371971
267	0.7675160486065735
268	0.5517018808332672
269	1.02549000527927
270	1.385271100337654
271	0.8800974722528707
272	1.4968806754789377
273	0.14239366409904264
274	0.7609508849321145
275	1.2567467569239952
276	0.6738948449004951
277	0.895242593282628
278	-0.9560246934157419
279	1.3363269318979718
280	1.5466716851036004
281	2.148058822158319
282	-0.962766593305588
283	1.2332736081704851
284	2.5037702578738497
285	2.2422702813553705
286	-1.3724508515264056
287	1.6145358485290657
288	1.6587631380978536
289	0.057176066926036384
290	1.6005169999650164
291	2.087004437641337
292	2.7872918179789075
293	1.7954672655269093
294	1.0020922869887379
295	2.0846655403344183
296	1.8383960075493562
297	1.2824351328041423
298	2.3207990384627504
299	2.444005756288888
300	1.225007444652352
301	1.1815069032124654
302	1.9371518012549735
303	2.3724814605716134
304	1.9801368149266771
305	1.4834237798455234
306	0.6438449192321158
307	1.1522122023313983
308	1.772017705846464
309	0.4834379093139525
310	0.6645289841435371
311	0.3514257620397032
312	-0.21774610373626935
313	0.4997532929651811
314	0.8661862874206729
315	2.2781584629329874
316	0.2854578890645971
317	-0.2947703510008388
318	-0.358095081549628
319	0.9106320436638686
320	0.9860096875191466
321	-0.09606005927348527
322	0.6521792690445061
323	1.0684261016781669
324	-1.3251434250325147
325	-0.6945316827041204
326	1.1031275540838354
327	2.357545937439106
328	2.8160414864753687
329	2.200824385609934
330	0.7826301453287599
331	1.47414706371557
332	0.9005992952977628
333	0.7425700219279481
334	0.5476715957881169
335	0.5993995094453526
336	1.8516481688525488
337	-0.7069618756172567
338	-0.23091459945394632
339	-0.33041837578821465
340	-1.0852318507630132
341	0.052573099863823636
342	0.6570975020360752
343	0.16206233337868614
344	2.1544266363626505
345	1.9048435128591557
346	0.46677284415265774
347	-1.248391211076588
348	0.1587778723259472
349	-0.903754528949265
350	0.6280428264003932
351	1.239423063666056
352	1.4935515890240207
353	0.24547554918142112
354	0.7442447091475888
355	0.28496933498014165
356	1.2059772503910233
357	2.1060883566822968
358	-0.014348862809502094
359	-0.7164983129312672
360	0.1829830344255612
361	0.8363925590320704
362	-0.4337539354468305
363	-0.03754969309316625
364	0.19099788396902362
365	0.5617184235422954
