1	5.3
2	6.2
3	4.9
4	5.1
5	7.4
6	5.3
7	5.4
8	4.6
9	4.5
10	2.0
11	6.4
12	4.6
13	6.2
14	5.6
15	5.6
16	6.6
17	6.6
18	5.9
19	6.6
20	7.1
21	5.8
22	5.0
23	6.7
24	6.2
25	6.0
26	4.5
27	4.6
28	6.5
29	6.0
30	5.2
31	5.1
32	4.1
33	6.0
34	8.5
35	13.2
36	6.7
37	5.7
38	9.6
39	6.1
40	0.8
41	3.5
42	3.0
43	6.2
44	5.2
45	4.5
46	3.0
47	6.8
48	6.4
49	8.2
50	9.1
51	11.6
52	10.3
53	9.3
54	8.9
55	8.8
56	11.3
57	10.2
58	7.7
59	6.6
60	8.8
61	10.3
62	6.5
63	7.3
64	9.6
65	10.8
66	8.2
67	7.3
68	10.0
69	12.5
70	12.3
71	12.4
72	11.7
73	8.4
74	9.7
75	8.9
76	9.1
77	9.7
78	13.2
79	15.0
80	17.7
81	16.2
82	7.1
83	8.2
84	9.9
85	11.9
86	14.2
87	13.6
88	7.7
89	8.7
90	10.5
91	8.8
92	7.2
93	8.1
94	10.6
95	15.4
96	15.9
97	15.5
98	9.3
99	10.3
100	5.7
101	10.4
102	9.6
103	12.1
104	14.7
105	16.0
106	15.3
107	15.5
108	17.5
109	18.3
110	14.2
111	17.5
112	19.2
113	18.7
114	19.1
115	20.3
116	11.6
117	10.2
118	12.6
119	14.8
120	14.8
121	17.4
122	17.3
123	18.5
124	18.4
125	18.9
126	18.8
127	15.3
128	16.5
129	18.6
130	20.6
131	20.9
132	17.6
133	17.7
134	17.9
135	18.7
136	20.0
137	20.0
138	20.3
139	20.5
140	20.5
141	19.4
142	19.4
143	21.3
144	23.1
145	24.4
146	25.2
147	26.1
148	23.5
149	20.2
150	21.2
151	21.6
152	21.8
153	22.0
154	22.2
155	22.4
156	22.6
157	25.2
158	21.0
159	20.8
160	17.5
161	16.2
162	18.3
163	18.0
164	20.7
165	22.2
166	17.3
167	23.5
168	23.6
169	23.4
170	23.5
171	24.1
172	24.6
173	22.2
174	21.4
175	19.1
176	22.3
177	24.7
178	25.6
179	25.2
180	20.2
181	21.6
182	22.7
183	23.8
184	24.9
185	22.7
186	21.9
187	21.0
188	19.2
189	20.3
190	19.7
191	21.0
192	19.9
193	20.2
194	23.4
195	21.3
196	21.3
197	20.5
198	23.9
199	25.6
200	26.7
201	26.5
202	25.0
203	22.7
204	24.5
205	26.8
206	28.0
207	28.5
208	28.0
209	27.7
210	29.0
211	29.5
212	30.0
213	30.5
214	30.2
215	29.4
216	29.4
217	29.8
218	30.3
219	30.4
220	29.9
221	30.1
222	29.6
223	29.4
224	28.8
225	29.3
226	29.2
227	29.2
228	29.0
229	30.3
230	30.1
231	28.1
232	26.5
233	27.0
234	26.0
235	26.3
236	27.3
237	25.8
238	25.3
239	25.3
240	25.6
241	28.9
242	26.0
243	27.3
244	27.7
245	27.6
246	25.8
247	23.7
248	25.7
249	27.9
250	28.4
251	29.1
252	29.0
253	29.9
254	27.4
255	25.1
256	22.4
257	22.1
258	25.2
259	22.9
260	25.8
261	21.2
262	22.1
263	22.8
264	21.8
265	22.4
266	26.0
267	25.4
268	24.3
269	22.8
270	23.0
271	24.4
272	24.7
273	25.2
274	24.5
275	23.9
276	24.5
277	24.8
278	26.1
279	20.5
280	20.0
281	21.7
282	20.8
283	19.4
284	19.6
285	23.3
286	24.5
287	17.0
288	18.4
289	16.1
290	16.2
291	16.5
292	17.4
293	20.1
294	18.2
295	15.4
296	18.5
297	18.1
298	15.1
299	18.1
300	18.3
301	17.4
302	14.5
303	16.5
304	16.8
305	17.4
306	15.7
307	15.8
308	14.6
309	13.7
310	14.3
311	16.0
312	15.1
313	13.3
314	13.9
315	12.9
316	15.1
317	13.3
318	16.9
319	12.6
320	12.8
321	13.4
322	16.1
323	15.8
324	12.0
325	11.3
326	8.1
327	11.3
328	15.9
329	16.6
330	8.8
331	9.3
332	8.5
333	5.2
334	7.3
335	7.4
336	9.5
337	11.8
338	10.2
339	9.6
340	8.0
341	5.5
342	7.4
343	6.4
344	10.2
345	11.7
346	11.7
347	7.5
348	9.4
349	8.7
350	7.8
351	8.2
352	11.1
353	9.0
354	10.6
355	8.1
356	6.8
357	6.8
358	8.2
359	5.9
360	7.8
361	8.7
362	6.8
363	7.0
364	6.7
365	8.2
