1	-1.5086862407367505
2	0.33170527582109166
3	-0.040744248551538575
4	-1.3871344372183154
5	-0.4317258025146806
6	0.27371507785813254
7	-0.6675889334473304
8	-1.0897105350492549
9	-1.5184022695229613
10	-0.7230778200879113
11	-1.6677888949903155
12	-3.820613776070658
13	-0.7105865763718446
14	-2.4558171832908124
15	-1.870312795017699
16	-2.53251043299879
17	-5.832404433831204
18	0.44504815430274736
19	-3.341873992462138
20	-0.45763403301508365
21	-0.5185698177755667
22	-2.751834475976441
23	-2.1163592184999533
24	-5.124458330941304
25	-1.3480667571630898
26	-0.6020923001516101
27	-1.147655450332289
28	-0.4111386452009995
29	-0.147209322203131
30	0.12402290242553615
31	-1.0866513522550312
32	-0.9585775746556537
33	-0.39632960002664674
34	0.34776134073110754
35	0.27347133719937755
36	-0.7201718724773256
37	-0.6265359730656952
38	-1.2643982301674273
39	0.2851504432054712
40	-1.0219184938977568
41	0.23372296033726858
42	0.889184406513273
43	-0.23673352178771356
44	0.10903868296830943
45	0.2102708660028867
46	-1.1599954256415073
47	-1.067738099580831
48	-0.9564396749270836
49	-1.2993315577397242
50	0.05222205720631479
51	1.580457448314231
52	0.7478554768528891
53	-0.12614259524391258
54	-0.7848819454963731
55	-0.7901994170806059
56	-1.1948590475487642
57	-0.6807135892851193
58	-0.52794601462546
59	0.5615546448205837
60	-1.763698516004153
61	-5.439300396006834
62	0.16358011406795825
63	-0.6903527780154084
64	-0.6465900885785913
65	0.7677160121387043
66	-1.1715571253677632
67	-0.9439319827415833
68	1.7758279882466965
69	-0.09183979302909151
70	0.5373377066437524
71	-0.08059162008092713
72	-5.156383689425689
73	0.11357437650396562
74	-0.23077759854959368
75	1.3207401094594715
76	1.7805369879518693
77	0.520844694900024
78	-4.102892514196379
79	2.389271578712168
80	-4.721639378754414
81	1.5872964867195138
82	0.02551086159413618
83	0.7367463824525462
84	1.026606118660638
85	0.9194231147660048
86	0.3544388379626682
87	0.1774390789079554
88	0.4551818548677211
89	-0.06395732440929613
90	-0.013884235375360987
91	-0.5768868112025167
92	-0.33960313723239643
93	-0.26627499889190887
94	-0.7772940166959614
95	0.03865153788414322
96	2.0016319352857224
97	1.1666407270756753
98	-0.05589487915152347
99	1.0923600818699981
100	0.5507101704932129
101	0.003502466159986284
102	0.6207790558509636
103	0.0800854500355328
104	-0.33171958529469414
105	0.24845719054169635
106	0.5344836722852175
107	0.2923519742896552
108	-2.2622656500359106
109	0.7963469456079117
110	-0.14702749232675671
111	-0.3728986143300119
112	-1.9357033556001895
113	-0.4741764753488802
114	0.23414973833678232
115	-1.8605085505563004
116	-0.6555647091984333
117	-0.9357402451598951
118	0.12117405873281228
119	-1.213549294379341
120	-1.4190518156622076
121	-1.0281960934716992
122	0.241992182431936
123	0.5469943645419786
124	0.9907281333837634
125	0.23831471792276915
126	0.64203327484665
127	0.2975555650269559
128	1.3107537508543246
129	-0.0700636389482554
130	0.7239636342149289
131	1.520671222978791
132	-0.6867166741040265
133	-2.2901805799402837
134	0.12562644656159705
135	0.21621949114046757
136	0.5768653333934424
137	1.3356489878307833
138	0.6826427165060593
139	-0.7671274135935562
140	-0.02846901844295857
141	1.2655689341338316
142	1.977887720195259
143	1.2466541530531359
144	1.2296749961820552
145	2.1090446188904934
146	0.9165051673787552
147	0.7589807870762932
148	0.8739010912707563
149	1.0391744153844868
150	0.15120112840627087
151	0.6263601006900608
152	0.8657702499288717
153	1.061760186077212
154	-0.4172942285924819
155	-2.732154025863128
156	-1.7262816348411363
157	0.5060920961842577
158	1.1532060493237033
159	1.530962344037782
160	0.8213469827426643
161	0.8575956784982317
162	0.792118159412059
163	0.760261400318992
164	0.9363373453423236
165	0.8545168075561698
166	-0.22169261835359677
167	-1.1634082882299666
168	0.23911380935685855
169	0.5468822768115729
170	-0.07253633663493986
171	-0.23663139999384342
172	0.7207122873523204
173	0.5054272685802204
174	-0.33249936762290844
175	-1.3555762190168679
176	-0.5588977679542069
177	0.47436503145735287
178	0.5657787509780974
179	0.10235299576001822
180	0.5456591459882532
181	0.11541607905603257
182	0.32828199262820945
183	-0.4770861675653606
184	-0.8367392278080139
185	-0.8570450822411715
186	-0.1710619976797041
187	0.4862728801016978
188	0.23315800141525145
189	-1.1009300794938248
190	-1.1933172447048257
191	-0.003526423463558359
192	-0.1649102044261639
193	-1.189531460050322
194	-0.03962794256547042
195	-0.6394691509965185
196	0.19919095048675928
197	-0.35143013437215487
198	-1.034022746137726
199	-1.56228287154525
200	-1.2209887374622532
201	-3.3256939742336726
202	-3.320508135488126
203	-4.0537504621252864
204	-1.3918967787972
205	-0.5366180641324227
206	0.11826937868152498
207	-0.4704557612166873
208	-1.0469525701949145
209	-1.769640966329714
210	0.2936606475021186
211	-0.9478463673751563
212	1.0824651602651407
213	-0.12078736622638075
214	1.0201263738364261
215	0.5164299490221858
216	-1.9071976780222002
217	0.5585754813826895
218	-1.0538277612092308
219	-0.36352419383676704
220	-0.9337096269595868
221	0.6033756103071504
222	0.05784936061107615
223	-1.5363860842832118
224	-2.4519201685737535
225	-1.0435023332904478
226	-1.1658335062353409
227	-1.7196083270399427
228	-2.877538465777409
229	0.7664785798237759
230	-2.1283739903249668
231	-0.006182491495057008
232	-0.4546603416159982
233	-3.010296361138142
234	-1.5507016831638083
235	-2.9900046555699404
236	-4.015068368520691
237	-0.3621525720339598
238	-3.3810830158289384
239	-1.5525265808724988
240	-2.5955657877005294
241	-3.3659754447285444
242	-2.0071291961741338
243	0.8957365183768147
244	-0.6136661745219172
245	-0.5465665249230085
246	-1.059545875992221
247	-0.5983708972876371
248	0.8880304128280123
249	1.0417182007122499
250	0.6080260193014766
251	0.03301524507517328
252	-1.1600539902028686
253	-0.7075377376323502
254	-0.30669253656968465
255	-0.6502985190909882
256	0.3067671484177019
257	-0.26987646611769733
258	-1.992281338803732
259	-0.6321710719120013
260	-0.7231517178399436
261	-0.7406807959672861
262	-0.7989709098852842
263	-0.9575100715391152
264	-0.3761284474288402
265	-0.9337995648550113
266	-0.6185368152536981
267	-0.0038954785279941007
268	0.2690364398389562
269	0.9517829663369533
270	1.0778273323710224
271	1.2362283377710384
272	0.7211401512384619
273	1.0317246020678184
274	-1.3342433181756803
275	-1.32523843025837
276	-0.22367841053792148
277	1.1205053880848723
278	1.4432235065489571
279	1.4454189741238004
280	0.7184356154043883
281	0.44674511910296033
282	0.6988003039786754
283	1.2497830403790644
284	0.5466156559375897
285	1.2171291121168402
286	1.278786943969422
287	0.7537370727103578
288	-0.20188244047165682
289	-0.8076788329677171
290	-0.6662487482536967
291	-0.49429703791158275
292	0.42721768780877767
293	0.6549326479725543
294	1.5107945682607031
295	0.17299890410251706
296	0.21307676911656515
297	-0.9024524035033679
298	-1.0892559611817045
299	-0.3364456194698917
300	0.5714070076267976
301	-0.9924788190991052
302	-0.10108978491847154
303	0.4505971417151109
304	0.7493261913202627
305	1.4303748836191836
306	1.362382159033377
307	1.4150680339762651
308	-0.44971339986773984
309	-1.0580716515399224
310	-0.8789125885772222
311	0.23451374229680155
312	0.39505637643483027
313	-0.7339068289539519
314	0.28835991460016075
315	-0.12190595365154522
316	0.2799382889034092
317	0.8577431437489125
318	-1.9447952137799955
319	-0.6387317236681564
320	0.6761415279975935
321	-0.4706928888924775
322	-0.9616632339154627
323	-0.690069726096386
324	1.207040889273319
325	0.5511987989384757
326	0.005971520753668358
327	-0.3248588509244499
328	0.03395731413164249
329	-0.6252134994058274
330	-1.821891983543269
331	-1.4970036303279137
332	-2.3126069378190195
333	-1.8260230903163563
334	-1.0988027998841385
335	-0.2018086615349084
336	-1.0891093221284542
337	-1.810953442952238
338	-1.004424888998983
339	-0.7956489550934158
340	-0.9587231503629461
341	-1.927660483011124
342	-0.9679627312470576
343	-0.5694829744261636
344	-0.7535336049148196
345	0.17621142237778997
346	-0.9430151939019034
347	-0.5562039200317264
348	-0.6356130734529319
349	-1.0630637163845513
350	-1.4329611425870858
351	-1.0483856255760315
352	-2.138722763263072
353	-0.9192152644315268
354	-0.7240096758295103
355	-0.45736355202954115
356	-2.369921553329702
357	-1.9648173806648979
358	-2.0455620529762397
359	-1.940786759254375
360	-0.6161935947603583
361	-0.4464741505389602
362	-1.1195242041493971
363	-1.6870703683511135
364	-5.661751710595032
365	-0.34184972121033397
366	-5.211265528805548
