1	-1.126940176396606
2	-1.0426479775720932
3	-0.29043189824383386
4	-0.5951840628632334
5	-0.4432237531136112
6	0.6399608565732322
7	-0.30453010391184243
8	0.6972722745000759
9	-0.759920686840017
10	-0.4089189938166058
11	-0.7372163051203167
12	-0.15593644794630546
13	-4.666731115894233
14	-6.137432070036774
15	-1.4908836993873988
16	-0.5035326380098537
17	-1.007346181729885
18	-6.542021583184102
19	-2.2810212915996715
20	-4.336775309681873
21	-5.9398160501167245
22	-3.399514593196776
23	-5.259289443115805
24	-0.5881056465428403
25	-1.251119890260624
26	-2.922470225582777
27	-0.9127103441835791
28	-3.7892186568743558
29	-0.8589781317480689
30	0.49732484677305067
31	-0.861133404116698
32	-0.89210871786634
33	-4.734006866758907
34	-4.789173367389648
35	1.2465900223627688
36	0.273432645374716
37	-5.067886631386077
38	0.3119511204724992
39	-1.0728455728542938
40	-5.0725894379619465
41	0.05628678888551786
42	0.8534984183595284
43	-0.31446219740105885
44	0.7745331465768328
45	-0.890112830110211
46	-0.2045367339864992
47	-0.8371360704331945
48	-0.9652629884825616
49	-0.4391511393915799
50	0.260267359209462
51	0.19964654883438104
52	-0.7696439719481161
53	-0.7127926413542944
54	-0.33357582012151354
55	1.044793163147892
56	1.470474563277083
57	-0.4175232255048833
58	-0.20745147972830846
59	-0.5272179171178157
60	0.2957142585035699
61	-0.938531234572932
62	-0.600120414830946
63	-0.09083235534654577
64	-0.026454449128203272
65	-0.8683993012242182
66	-0.6414113561510844
67	0.5452653558745668
68	-0.09577068782816944
69	-0.3680263356739939
70	0.006237162723412126
71	1.3269156605719648
72	0.2779146765989786
73	0.8256802843037612
74	0.7554582052168541
75	1.2005467367561025
76	1.126516317988898
77	-0.37363370663273976
78	0.31510584742228254
79	0.30189951064460807
80	0.797430167016973
81	-1.3168293486095237
82	-0.1666476812256139
83	0.223794926263146
84	0.8593521225017557
85	2.1339957165695367
86	1.042411490134933
87	0.4465849062433236
88	0.20751939734301494
89	-1.0066728670614449
90	-0.26390800370073997
91	0.3657372195045463
92	-0.03166500789583182
93	-1.2394118109527916
94	0.7577734401443177
95	0.026750167444747674
96	-1.322368517492917
97	-0.7691651384150049
98	0.8517728282382251
99	0.7185549948800638
100	0.4169620506126517
101	1.020709681370226
102	2.280404925161502
103	0.569800335517618
104	0.47605745602922234
105	1.6399100679252552
106	0.08959755022273796
107	0.5049731326431335
108	0.4351705961752792
109	1.6173909977380792
110	0.013427898571730879
111	-1.0790326171267637
112	-1.0785093659550071
113	-0.7947614197472141
114	-0.24720034516365885
115	0.635538621658295
116	1.4826763130282004
117	0.39748141041319585
118	1.8575935161187687
119	1.0330742884062563
120	0.8760322637236193
121	0.5531545536913036
122	0.47884867426117594
123	0.39564441363422986
124	1.6597531761073583
125	1.282782439825354
126	1.3397176892192633
127	-2.0866026942831297
128	-1.0164819250859196
129	-2.2739737426334266
130	-2.5403008616096585
131	0.40236777665255374
132	0.9709973444965811
133	0.3358396519551299
134	0.647952264414462
135	1.169915169206261
136	2.082952836922111
137	0.9959717094851079
138	1.2189831580836241
139	1.5238917262894702
140	1.1044609347274097
141	0.0019672746471250946
142	-0.45652444680926507
143	0.6206034603215222
144	-0.36219520123465543
145	1.002386548259551
146	1.4847641855734643
147	1.0640738695007137
148	-0.8208747029607686
149	0.16671495153878269
150	1.2254651185152774
151	1.3214548204069008
152	1.4503442305888967
153	2.028655716042202
154	0.3024375248745699
155	1.4889618707238057
156	1.09899679207183
157	1.2005476208687504
158	1.2598211149754057
159	0.05647968895542732
160	0.5121676536502839
161	0.9816642952219894
162	1.398011816803642
163	0.6772451892758795
164	0.5495704000934687
165	1.239798755035082
166	-0.5025020841602839
167	0.3397308169100164
168	0.05806665212431028
169	0.28222541339964735
170	0.6580134778623545
171	0.44240527858688594
172	0.9965202980400889
173	1.2557651449861211
174	1.6425042591476746
175	1.0394789782997869
176	1.412547726707544
177	0.5972439271998553
178	0.6376584443842539
179	1.4404305601823246
180	0.43590700291225204
181	1.5310587396844326
182	0.2941473490855735
183	1.3921872451135968
184	1.2177073888123964
185	0.8846453909730663
186	1.5622969296819846
187	0.925238296661604
188	1.0399997074125622
189	0.7195460018013762
190	1.0950468068049446
191	-0.4175933280631874
192	0.1312182634246284
193	0.712521362401219
194	0.2541304975182399
195	0.025610316698710278
196	-0.04027094886160398
197	-0.18135490744934302
198	0.9644396492646159
199	0.4973852253299782
200	0.19867188414930226
201	-0.5410384004091426
202	0.6086247670452138
203	0.38375691854010796
204	0.7641656352536756
205	0.5913114555679613
206	0.39526269122482915
207	0.6468791555227824
208	0.4878718963751325
209	0.2569230175360886
210	-1.4892819343307515
211	-0.7684866153386665
212	-0.2558938972605631
213	-0.06374780808902258
214	-0.0007224788613484634
215	0.6795520786332538
216	0.7040210079587013
217	-0.2452052457082523
218	0.7807826333905865
219	-0.22281461965686944
220	-0.20056066722854027
221	-0.45071867808954735
222	-0.7328292931168399
223	-0.2779966039448354
224	0.6212599159582624
225	-0.1865574843342479
226	0.16760420341796234
227	-0.48446145890315506
228	-0.5081510059169183
229	0.4093620547365653
230	0.940418699729527
231	0.5019001033106854
232	0.41141538794787635
233	0.18897230020684574
234	0.05755569677863548
235	-0.29193141087268515
236	0.5424252951950486
237	1.7790002797976676
238	1.4031430026532057
239	1.2863245520227586
240	0.8404944487805466
241	1.4937111697154748
242	1.2846079480630763
243	1.76361175539002
244	1.485155943101475
245	0.8387861693952381
246	0.5184499409615206
247	0.09915410633178467
248	0.03240300890450243
249	0.5865907634070666
250	0.4132131712120213
251	0.6775879218692502
252	-0.4891126260098133
253	-2.0985182457770044
254	-0.3664408877939316
255	0.30903699305468635
256	-0.1614844233978161
257	-0.34896401949207956
258	0.11494078645156236
259	0.0915240222972642
260	1.010905765777732
261	0.13891636927957407
262	-0.09823753733571294
263	0.6809078481104365
264	0.6330405054411372
265	1.2227685238910126
266	1.130604952295748
267	0.793563970354981
268	-1.353121127169178
269	-0.6230576573596665
270	-1.7555585230223087
271	-3.0042629300262185
272	-1.925544328662042
273	0.6521149947992058
274	1.6270519712993696
275	1.2076040629197635
276	-0.3834471478592967
277	-0.9651563266662144
278	0.14797168544865613
279	0.5540278944537818
280	1.4690345431041116
281	0.7731156569961257
282	1.1502218423051822
283	0.7035187023693013
284	1.0768463389812801
285	-0.19615600112882348
286	-1.77285669170681
287	-0.4477003294368025
288	0.4245025402103728
289	0.660432568358754
290	-0.9809522109076525
291	-0.6276941872675046
292	-0.05648468943856244
293	-0.21210130836394114
294	0.37658673757285044
295	-0.36113575911564766
296	0.016046563889986487
297	0.9320645093399911
298	1.4839598079528464
299	-0.20088703827912013
300	-0.36468075571649905
301	0.36610633472648146
302	0.06335375466600368
303	-0.553398054983191
304	-1.4134026821673977
305	-0.9694700496400142
306	-0.9092378632859557
307	-0.4778412374543972
308	-0.623504507431484
309	-1.533790498721153
310	-1.1414503522161628
311	-0.027311600573860062
312	-0.8220189842104126
313	-3.039229401892678
314	-1.496584320473156
315	-0.6172474071165812
316	-0.9141524559652172
317	-0.4663139175110125
318	0.10035399707678572
319	0.0076297187074825246
320	0.19244674483296365
321	1.0699826907348182
322	1.1665086447354156
323	-0.5194254662654352
324	-2.135623380878698
325	-1.1178468632795795
326	-0.8190223031462196
327	-1.5154419756533972
328	-0.8705816000195323
329	-0.004322427462332357
330	1.222478995632578
331	0.5374619030792616
332	0.15629759316525593
333	0.8568149347204415
334	-0.34550916243673235
335	-1.5137456260517688
336	-0.4152864735409967
337	-0.12969611124652047
338	-0.02090304534927867
339	0.23914068387012755
340	-0.15473722404080092
341	-1.919219749711683
342	-1.4023704886300772
343	-0.7754822025797443
344	0.1625223948696508
345	0.08397710131576908
346	-1.0441131512407367
347	-0.29308708693490537
348	0.007424043457376683
349	0.08168866074386738
350	0.14774697084425448
351	0.24945278586494446
352	0.35137233490224773
353	0.6696218123304707
354	-0.9712176504412291
355	-0.3464322749181381
356	0.03351674417018202
357	-0.19722510725676656
358	-0.29246324622163566
359	-0.6788659040336569
360	-0.24982797249073663
361	-1.4159798239268664
362	-1.9136528478645127
363	-1.3093732646448153
364	-1.1786015847704032
365	-0.07484310517878612
366	-1.4882685444918193
