1	83.08220588430024
2	81.54648173741539
3	80.45204193788933
4	79.12935063081898
5	78.19545777900885
6	77.18706830335653
7	76.37508936401217
8	75.29369722857335
9	74.13343304420536
10	72.88106252251887
11	71.75727917793772
12	75.12712208960612
13	73.54224295897869
14	72.93689783275916
15	71.59218632414724
16	70.37976552939868
17	69.10700135963573
18	68.60595947057239
19	67.16655465218024
20	66.24006737149544
21	65.7042087210975
22	65.11958481001295
23	72.06423013439023
24	70.6712191248635
25	68.85795450262829
26	67.28951047110579
27	65.60847644106215
28	64.98384234517579
29	64.95271088500554
30	63.82308963322709
31	62.23985369492892
32	60.59507248879284
33	60.01025770116364
34	75.34359103449698
35	74.43964005710629
36	73.36935003001432
37	75.30380795922638
38	75.30683160950724
39	73.77215957716142
40	81.07443087771638
41	79.76750880574008
42	78.53482676452732
43	82.08689799022638
44	79.91957598453654
45	78.19160364904155
46	76.56993638512087
47	74.671344049031
48	73.17495856536654
49	71.24241940644742
50	69.9822462027919
51	68.40952445562274
52	66.4481594582516
53	64.82217857891644
54	63.04551769804077
55	60.81340213869101
56	58.95646677303162
57	64.47422995868536
58	62.4953547918302
59	60.35014717720591
60	58.93392221039796
61	57.35320610376734
62	55.79646931929714
63	54.58668501958957
64	53.6240673692796
65	52.112862958828835
66	50.542226310999474
67	52.04868064056895
68	50.575527701354126
69	49.01438478401538
70	50.95555502206869
71	49.61814927983062
72	48.25811820379341
73	47.07399903941098
74	69.06384742363906
75	68.92277289813299
76	67.19533785610695
77	65.36890892859492
78	63.51735204195277
79	68.21447113116214
80	87.20810712635134
81	85.75336065291236
82	83.6188357434249
83	81.63301169294964
84	86.31364875936836
85	84.6150170213908
86	82.54236336721269
87	80.69607435194456
88	79.03402840825825
89	76.51557653064148
90	80.44503367922333
91	92.44056162095589
92	89.7625624811833
93	87.29173894418692
94	85.23435144104603
95	82.89444387775565
96	80.22528933990768
97	77.5824683567841
98	80.40067920816396
99	100.0
100	98.21926885107598
101	100.0
102	99.23948121552547
103	98.85617515594055
104	100.0
105	100.0
106	97.42123527785887
107	95.42726502715944
108	100.0
109	100.0
110	99.8455862464228
111	98.0231276240267
112	95.73514868352952
113	93.18866183053962
114	90.4738436074479
115	94.20530963408518
116	92.3112066543883
117	91.36688153603943
118	90.15004482587979
119	88.1098146163504
120	85.77426849242676
121	82.89839878416939
122	79.92884177103133
123	81.31030754305162
124	91.26248077836088
125	89.78518001158098
126	88.06180156934556
127	83.70780628943103
128	80.43359560862402
129	77.33184463253635
130	74.59959056650285
131	80.81915660549036
132	84.6582356002443
133	83.16085007375229
134	100.0
135	100.0
136	97.64143520391274
137	95.15857238446513
138	93.50538636284284
139	90.91874164254492
140	89.85023571225997
141	100.0
142	96.72751856751299
143	93.67014160992485
144	90.25849636110212
145	98.14037700375478
146	100.0
147	97.06174480577707
148	93.1292937566689
149	90.4428216358594
150	100.0
151	100.0
152	100.0
153	97.33462676710994
154	97.0081377299153
155	100.0
156	98.43834188265859
157	99.00957216388002
158	96.24468122935987
159	93.16810286143155
160	91.25192507865292
161	94.74286022549133
162	91.77674357872662
163	89.57233094072254
164	100.0
165	96.90225938327252
166	93.45001809899206
167	90.38023295815233
168	87.65858252251934
169	85.31307386346528
170	82.74630386408643
171	79.94716694248825
172	78.21507956151726
173	86.72550359910825
174	100.0
175	100.0
176	96.83199723090709
177	94.62182362005679
178	95.10605517241598
179	92.33256351707587
180	89.82952888205558
181	100.0
182	100.0
183	97.3700474627524
184	94.32956095261636
185	91.61288971254832
186	99.02567274738976
187	95.60689973218962
188	92.59174071608103
189	100.0
190	98.47568903084455
191	96.15042148860944
192	93.6606906410222
193	90.51004086625434
194	88.97502302004933
195	85.20505817136768
196	81.92168157464856
197	78.36427357554977
198	75.79232155366942
199	72.77513080780695
200	70.24676192295799
201	66.51129617989238
202	62.92358204674048
203	60.036635701819094
204	56.661599724537396
205	53.552228634654995
206	50.68982410893177
207	47.709501044308865
208	45.58650650487881
209	43.70001405398325
210	41.49824501293804
211	46.5809155293643
212	44.38216407796613
213	42.30077999013213
214	40.31213159802827
215	38.30103299091536
216	36.177440306609185
217	50.399977029141915
218	100.0
219	96.14561662093884
220	92.0163756112518
221	88.10331773416898
222	84.7668334657982
223	86.1326664784556
224	91.88090796913929
225	88.52630299659356
226	85.03861704239756
227	81.28022833977604
228	77.08935523360798
229	91.25510616231807
230	99.7070949096907
231	96.71225033332291
232	93.14840807757608
233	89.95949350129739
234	92.15039225099808
235	89.7225648889946
236	91.88344837029165
237	98.78011650073776
238	100.0
239	100.0
240	97.36673040332477
241	100.0
242	100.0
243	100.0
244	100.0
245	97.07197691273079
246	93.85772440819493
247	90.04715860202208
248	87.31579363571758
249	84.46308951242962
250	83.52099508139297
251	83.46872539632034
252	80.30785110884588
253	76.54589708606281
254	73.41339953268401
255	74.05208620457205
256	70.69850408943428
257	67.70820408991788
258	65.00445836959994
259	63.618636357585565
260	66.4332180468065
261	63.67994182264675
262	63.209571997295676
263	71.72454354052832
264	88.55283104137179
265	100.0
266	100.0
267	97.5919354600935
268	94.10601463374854
269	91.22330890310141
270	88.13693216286191
271	85.0894422756569
272	83.42694640079567
273	97.96427499159167
274	100.0
275	100.0
276	97.45848293794992
277	95.24661368927264
278	92.85449242639547
279	95.00941594930374
280	100.0
281	99.00669732744795
282	100.0
283	97.86868994158294
284	96.08426897853975
285	95.27433546684306
286	92.75048170134009
287	90.45578062236804
288	95.81529189092774
289	93.85094599064156
290	91.38712093726443
291	89.1970457248185
292	87.12563753142429
293	85.06861418833518
294	84.41897750760562
295	82.11982186936653
296	80.07328952653903
297	88.69822376626576
298	100.0
299	98.31783352827136
300	97.24535129518709
301	97.97306581505109
302	95.97711287959115
303	94.00021610832296
304	92.32611966450936
305	90.9438553530699
306	88.61330927958593
307	86.99768992592396
308	85.8886760875652
309	83.68939781887946
310	82.23378847640012
311	80.59588309736239
312	79.15783622053328
313	78.27719991732339
314	77.996164697398
315	77.13756809392316
316	75.94914835207851
317	75.33705955576005
318	73.50903082242979
319	72.00527384657582
320	70.68690124823576
321	72.48511953268036
322	71.0942657279599
323	69.41785424820485
324	67.29148117158951
325	65.65225149108849
326	63.836099588602934
327	62.059872110962964
328	60.65767464049495
329	80.83625879769728
330	82.9537677770946
331	81.65562370072938
332	84.38599989873606
333	99.58755444960651
334	97.95722786905897
335	96.03418153885484
336	95.59491490192529
337	96.07343857479933
338	94.63168235610728
339	93.3125907186811
340	95.24021337087134
341	93.73783002997695
342	92.15657182203206
343	91.08484294602373
344	100.0
345	100.0
346	98.23909291148549
347	96.80984747963224
348	95.74727869287506
349	100.0
350	98.8559207390542
351	97.71811184819312
352	100.0
353	98.78636630206381
354	97.2657394130241
355	96.04671205430807
356	94.38500492211645
357	99.00968084266457
358	97.95051250675887
359	97.02109736673289
360	95.64510626679986
361	93.4758730847056
362	91.6806833706553
363	90.23739084016364
364	88.59773040733852
365	87.45023365273987
366	85.42009498294262
