1	-0.3079676958085473
2	-1.5524554460383087
3	0.49469467401441136
4	0.6149989101698559
5	-0.9590281232816924
6	0.04446376419609965
7	0.2477017856578092
8	-0.038383574822868916
9	0.19051770656115607
10	-0.13475800883072164
11	-0.183586219524849
12	-4.0824409720985635
13	0.3346930488986115
14	-0.918277849831675
15	-1.49333721465739
16	-0.15246382397656788
17	-2.176974406101219
18	-2.0329430941494415
19	-0.4531344667432551
20	0.23200545160555186
21	-0.7088896548902746
22	-0.6107017509907022
23	-2.6457896005286643
24	-0.14679574160083542
25	-0.5510681176578482
26	0.20813338291526318
27	-0.10353355372843431
28	0.04652579651568001
29	-2.810409136590006
30	-2.3988496503636805
31	1.6836552506157902
32	-3.093995677221767
33	-0.22675274977312565
34	-0.836716537269389
35	1.3641905579401885
36	0.6587409530398105
37	0.9123257159444487
38	0.8257623077574983
39	-2.044058998889898
40	0.3227171318328601
41	1.0192575848413377
42	0.2812778356930723
43	0.5256468550328544
44	-0.15277021069374896
45	0.5945499491347945
46	-1.280817382997384
47	1.3352850358506112
48	0.2080757557655657
49	2.221986780300951
50	0.04253937432299715
51	0.48041057488682615
52	0.31408618110704545
53	-0.27996862147204293
54	1.3393139477435287
55	-0.9711549486918951
56	2.325529512487769
57	0.6357637144914792
58	0.7706408186063802
59	1.0579843065641805
60	0.5749794622223652
61	1.8508534674637342
62	0.28784068363378434
63	0.3148648207708682
64	0.9632477100263728
65	0.743992042903848
66	1.272100886556057
67	2.3777038156449954
68	1.6839037295309396
69	1.1453781075419407
70	0.6918379732139028
71	-1.4434503328487427
72	0.8240194540626717
73	0.32748608535530455
74	1.8021282467009643
75	1.295314507836503
76	0.9526376975281217
77	0.36332886597686276
78	0.5507839714674052
79	0.7242147121513227
80	-0.714164153205795
81	-1.1304747004598923
82	0.700081503035106
83	0.3383227022387647
84	1.4530631453933767
85	0.9151551576331318
86	0.29473409594521094
87	0.3729901192548475
88	1.4112471550998222
89	1.3663535379046188
90	0.41043678616835955
91	-1.2540062428580363
92	-0.4182781875629509
93	-0.3318346117859843
94	0.8502613031636486
95	1.927997991746734
96	1.4938835449199672
97	0.9056924374631787
98	2.291539542744788
99	-0.1784055682059993
100	1.2080168312747528
101	-0.48343968659328596
102	0.5591498050807662
103	0.9711750729024686
104	0.4017475531499475
105	1.9328223883861462
106	-1.4710436849007564
107	0.46081877056604625
108	0.3899097251500798
109	0.3590704724153788
110	0.5988466778390134
111	0.9853288775731368
112	0.993463671803994
113	2.1284184369002013
114	0.8410371492821298
115	1.1605831348723363
116	-0.7509440361613215
117	0.8936759741386702
118	1.1458952143002747
119	2.694488580793042
120	0.5983245304693341
121	0.36204043758242577
122	0.2172779438057333
123	0.5930125864554192
124	0.1915577714021488
125	-0.6923630753609906
126	-1.6326891848947263
127	-0.2254173408519513
128	0.45440346353811023
129	-2.3534380384657148
130	1.0960016014816638
131	2.018911301099834
132	2.3291453684371852
133	-0.857137181671277
134	0.446204940055523
135	-0.29826338494278204
136	0.3654531901674467
137	1.2065192864666479
138	2.5945533258137026
139	-0.21225378009167528
140	-0.19343552029073763
141	0.23854433944996956
142	0.9635630517209179
143	-0.6425111740312026
144	-2.1509536848197968
145	-2.09849016584603
146	-0.30965403178390716
147	0.6892862201622982
148	1.3202744737650676
149	0.6406125349199989
150	0.23635532478522592
151	2.157052367409861
152	1.9786371972742671
153	-1.2034852959888056
154	-1.5861060112145537
155	-0.2649476389604821
156	-0.2662752616839761
157	-0.17185102995184565
158	0.7034981803950622
159	1.8739127173407937
160	0.11842807531255772
161	0.07108766892844187
162	-0.2033368921203902
163	0.658191951261152
164	-0.8994657191133264
165	1.1034288615009835
166	0.649439704815709
167	2.541597009024752
168	2.4490640736530622
169	-0.20191558544138388
170	-2.346189164232861
171	0.15711064403448205
172	1.8497756491244068
173	1.2848779132119077
174	2.5976171064452522
175	2.107172074932876
176	2.5195168824471317
177	1.6925803942589681
178	-2.175153411806317
179	-0.4988784188198707
180	1.8895975244666339
181	1.1172756181986117
182	1.2366438853599284
183	0.8455124328243855
184	0.6369418649174143
185	0.1486992719898197
186	0.7667459077327976
187	1.6041835174877974
188	1.0656777369394845
189	0.8115001197594047
190	0.4940385903014395
191	1.7864960704788402
192	0.7799971094516742
193	-1.1107347517210187
194	0.21848760666250655
195	2.0732717990682374
196	1.73983271107749
197	2.6592054280555146
198	0.8540129325767474
199	0.9986200318077074
200	0.513289952832622
201	-0.09018319398440156
202	0.8097732739408272
203	2.2471032723386983
204	1.889321236963081
205	0.35358009278397873
206	0.620639434455228
207	0.2178811870836519
208	2.163788642566711
209	1.5028932968350546
210	0.49891659808644917
211	-0.09126776262189651
212	-0.2200778242543322
213	0.1679630363160527
214	0.05296887059567723
215	0.29260044544801644
216	1.3202908533757238
217	0.816987035770449
218	0.30285332780537644
219	-0.19608466322168994
220	-0.19184698385018706
221	-1.2212357679729138
222	-3.9293388008949464
223	-1.4410233259546743
224	-0.9228117984252187
225	-0.8047231173065654
226	-1.1632558627318161
227	-1.788616171521845
228	-0.9611848332667741
229	-0.07432531352115035
230	-0.7781743866731894
231	-0.19382769179320292
232	0.30382973885376074
233	1.945532469604366
234	1.081715513726298
235	1.8674987451867793
236	1.8241887163857768
237	1.516032556107934
238	0.2692337785758596
239	0.30620332728136646
240	2.476264818232906
241	2.1217512599171044
242	1.8543818103934306
243	1.4720327862929636
244	0.5238588988402455
245	-0.31792986016219515
246	0.38547907982800567
247	0.39424549207230797
248	1.673477849827563
249	0.6730998428260229
250	0.3763697535994126
251	1.4040045848345386
252	2.3832227318682797
253	-0.7256833699224146
254	-0.19880255980898554
255	0.18127502885326052
256	0.5746453177666311
257	1.9213038749466733
258	1.467735561485327
259	1.149924118754992
260	1.096329271452845
261	0.6297768400511643
262	2.2994529895406615
263	2.5445790411662195
264	2.705107212412905
265	1.1009074526730913
266	2.681972792366903
267	2.534112784509574
268	2.307644326636609
269	1.5578273883276381
270	0.7474377664331513
271	1.09780485180503
272	1.3129915038987008
273	0.3181601228446951
274	-1.3879403284484013
275	1.023046845879911
276	1.1091158067273952
277	2.1408039613695955
278	-1.2995440784163002
279	0.4526017374208955
280	-1.7222637493361965
281	-2.0292809624553207
282	0.8017137790491375
283	-0.3464204408092044
284	-0.9267052169319534
285	-0.6203411763222917
286	-0.5076147009128711
287	-0.36880064207465857
288	0.8894200043974259
289	0.43526515261815035
290	-0.453814378034906
291	2.0439520105092654
292	1.087970130376192
293	0.4604046139477731
294	-0.8506624206830082
295	-1.4659507781290522
296	0.42807750353082596
297	-0.5091947700651396
298	-0.909765268095514
299	0.3564079242668434
300	1.2742355979956912
301	-1.3212623259427048
302	0.7978168648032593
303	-0.1951782413475538
304	-0.1618294639868445
305	0.5000111084062819
306	0.44511045616785694
307	-0.5338013476321066
308	-0.43419540991849637
309	-0.4765641099246132
310	0.37177348685572653
311	-1.0352894212063788
312	0.31704745482382
313	0.5209782762386048
314	-1.1513199019642517
315	-1.6437088035256293
316	2.092831372420413
317	1.3589311614783544
318	1.5326489133898757
319	0.7159497585884722
320	0.867333894542103
321	-1.1707739430910742
322	-0.10991730483435269
323	0.901097620984153
324	1.529086669286709
325	2.2957595016744925
326	2.0251289196274076
327	1.883695341021804
328	-2.3081570794511146
329	-2.904992757662671
330	1.595887776137852
331	1.5434740440226848
332	1.1340024730496836
333	-0.3295181846723967
334	-0.41747991061068035
335	-0.17622440442358478
336	1.0520580971348892
337	-1.4314258584060582
338	0.455178437680539
339	0.3534203083516161
340	1.4093138201033497
341	-0.1413209794639041
342	-0.6365150159440613
343	0.2472627638731293
344	0.1748982144556237
345	-0.6554437686260535
346	-0.3801194025493855
347	-0.4171439408994857
348	0.024203450353251554
349	0.44653450858995214
350	-1.4726203138335308
351	-0.9561748041793039
352	-0.5210009633124804
353	0.10754171620313802
354	0.2890509267278176
355	0.5074394204162154
356	1.1731624221539612
357	0.9301094276454815
358	0.2175192656931575
359	-0.004084519908323259
360	-0.4422235214944745
361	-4.211426075899507
362	-0.10031660558310218
363	-1.2723384286184318
364	-1.8276293137870598
365	-1.258493697459473
366	-0.5746326462312181
