1	88.28723410792342
2	87.05418860247879
3	97.71463899637483
4	100.0
5	98.56437504113032
6	97.24919317895714
7	96.4661904862069
8	95.20251107921054
9	94.11524765377942
10	92.84889586322595
11	91.25575994682538
12	89.95090774532247
13	88.78412457755826
14	87.43296569636297
15	85.68608646744028
16	84.9724732910983
17	83.90601453164112
18	82.73436631451206
19	89.00845907742323
20	88.64678439751759
21	87.21772415768079
22	85.78249969867409
23	98.96946745874942
24	97.2638627217577
25	95.51854216594944
26	94.57045836170806
27	100.0
28	98.69832364906438
29	96.74756619048031
30	95.18380465457422
31	93.88032905179062
32	91.974472440877
33	91.02827028723863
34	89.74639611311925
35	89.12191367749028
36	88.21874490974683
37	86.65888489506874
38	85.43215298368614
39	84.63062486799919
40	94.69098693610952
41	95.36324207101401
42	99.14355843388932
43	97.58147938417476
44	96.29568778673683
45	94.65418588376664
46	93.27947090647987
47	100.0
48	98.16762090777658
49	98.86091320004732
50	97.64459644271268
51	96.94109700650372
52	94.92292600849449
53	94.18642518781922
54	93.54738859916334
55	100.0
56	98.80748839393834
57	97.35349082156473
58	94.90855322220129
59	93.07089573626519
60	100.0
61	99.58625799752622
62	100.0
63	97.50885012804954
64	95.91334884023061
65	98.13672040265801
66	100.0
67	97.71136630790782
68	95.43813686958006
69	93.28142822338948
70	90.8592756718712
71	88.9616278776976
72	87.43165092201782
73	86.00777910459581
74	85.03624931207364
75	90.53828778514517
76	92.600970751313
77	93.2539218955479
78	92.27694822943255
79	89.80751024462793
80	88.04171853394055
81	87.28613697738972
82	85.60125364618796
83	83.46019360448994
84	96.44357539920549
85	94.02215730935612
86	91.65437522648816
87	88.58099074357375
88	86.72653418565874
89	84.90407807873001
90	82.86486223112603
91	80.55547904529794
92	90.1341225557925
93	88.13334617118659
94	88.16418969143601
95	100.0
96	98.6656528480448
97	96.41385555873417
98	100.0
99	97.89374600390721
100	95.46137572455487
101	93.74899465251903
102	95.77891023725664
103	93.60395755575797
104	91.586505549913
105	93.18465046947715
106	91.37243087421871
107	88.89186367579647
108	86.31466857336983
109	83.08892255398936
110	82.1959067254634
111	81.12489641826642
112	78.46631093181571
113	78.01370331137714
114	76.25030853424796
115	76.09423071347015
116	78.40759994432491
117	76.49241917878868
118	73.92168313785314
119	71.15226447232071
120	73.48056852760652
121	70.20484729139149
122	67.71901615798464
123	65.4730146233
124	63.00749691443599
125	60.35428583542808
126	58.17664792332493
127	56.035601539117785
128	56.992669374282556
129	55.1556767167407
130	53.21668151572617
131	51.41805560571521
132	52.15878925786911
133	50.284777639113024
134	50.517742209606375
135	64.47441371043354
136	65.44859098250568
137	64.07606901721685
138	62.229085773536966
139	66.4138094033842
140	94.30037522753135
141	94.05485232353703
142	91.37965188470896
143	89.57567680971779
144	87.26213496103621
145	84.84659891595776
146	84.32831759220906
147	87.07159377337315
148	84.25607036820108
149	81.03857918649857
150	77.8657197329332
151	100.0
152	99.55624955087517
153	96.66542581689205
154	93.96285615380819
155	94.69483760478961
156	91.39055231917332
157	88.5807754818847
158	86.07011511261408
159	83.0619484004301
160	80.73843511087604
161	78.45271012121452
162	76.52411622922062
163	85.59500282309187
164	83.03693291805227
165	83.93198547386937
166	82.44098843952717
167	80.28396074220115
168	84.50814415118711
169	83.42493594031242
170	80.27115192682044
171	76.17207977858575
172	71.76721152147884
173	68.07203611463541
174	66.67648394552468
175	68.110668858151
176	79.45596028789474
177	85.79907328742993
178	82.92095179997655
179	86.01083019331173
180	83.61580435705054
181	80.40772293458926
182	80.93595849135679
183	78.26969154771163
184	81.02872004533734
185	92.37154129329132
186	88.90695910042862
187	87.37464936710653
188	88.51619722620431
189	87.71672807507953
190	85.7290072877131
191	85.86887229310736
192	83.37994173241142
193	83.8780826251076
194	87.32217584173867
195	100.0
196	97.72651618199684
197	95.56860181121326
198	93.09310252476729
199	91.29221663496803
200	89.18854200023839
201	87.06144546137922
202	97.46911902491043
203	95.46415158386495
204	97.9846320255115
205	100.0
206	100.0
207	100.0
208	97.0133394235427
209	94.46345843003417
210	95.72648583098005
211	100.0
212	96.960037218203
213	94.457310700447
214	91.30617464128503
215	87.53576391420714
216	83.74332299295413
217	99.61245448481615
218	97.0334679656767
219	94.09602752873707
220	91.28936462086807
221	100.0
222	96.15335966345845
223	91.9557244692447
224	89.16211621402742
225	91.63940373254323
226	100.0
227	100.0
228	100.0
229	100.0
230	98.55195198936578
231	97.52194636443735
232	95.21029164157062
233	92.49453209739495
234	89.1907564943789
235	85.572940665016
236	82.01827134904043
237	77.9911109016745
238	74.95664240803758
239	90.20974844152556
240	87.56628913940494
241	84.10595794937097
242	81.12919271305915
243	78.58844356468498
244	76.82757838123534
245	74.10818499211422
246	90.32681105889138
247	87.3787137463976
248	84.00482607095871
249	80.74031585401674
250	78.54130494653518
251	76.5595781871406
252	73.2061769912709
253	69.13154810745546
254	65.58700575019827
255	62.09365617680127
256	58.42855486952514
257	55.11719598358453
258	51.978512268887975
259	49.70527018355009
260	47.25364062847461
261	45.262292716818536
262	42.77033610039194
263	58.95721174527135
264	100.0
265	98.23040404453855
266	95.75586992915535
267	100.0
268	99.55361627118674
269	97.68777088643334
270	94.83192098267872
271	92.10722200852544
272	89.12616373773513
273	85.29918950001809
274	82.51683989989561
275	79.58681328412716
276	76.60271840997906
277	74.38415852967046
278	72.10097135603934
279	71.69130185081868
280	69.75989710346342
281	67.80657461064764
282	65.46147393519635
283	63.382574845069726
284	61.66856556326682
285	69.70850449672508
286	100.0
287	100.0
288	99.2415642994431
289	97.16857891976602
290	94.84618935985549
291	93.20760132735579
292	91.09374361994999
293	89.06693678297849
294	87.06355063804759
295	100.0
296	100.0
297	97.60105109127207
298	96.04398284690876
299	93.80880859111525
300	91.91714456253175
301	100.0
302	97.45873061072872
303	94.69062685967619
304	92.81774246914347
305	91.54394367219386
306	89.72037249933824
307	91.28979470732912
308	89.1660494711673
309	92.65863896905869
310	100.0
311	98.58075008309238
312	96.97300898735868
313	96.97195251018111
314	100.0
315	100.0
316	99.87502609777077
317	98.49812413814699
318	96.85524063048237
319	96.3856570618413
320	98.34586475093869
321	95.59348289597574
322	94.0960494683252
323	92.69492489748887
324	100.0
325	100.0
326	97.81950956243526
327	96.21225632078654
328	95.17574264585332
329	100.0
330	98.13812108126251
331	97.08278215767454
332	95.71795392228879
333	100.0
334	100.0
335	100.0
336	98.5072789199989
337	97.0272098034196
338	95.23954301678404
339	94.22536305933662
340	93.64230941721819
341	92.00499247242917
342	90.75469169775332
343	88.98079460672476
344	87.40615353897277
345	90.30315037324043
346	95.0741132725241
347	93.6771150314316
348	92.20323791239751
349	90.94887553175013
350	89.07647093964874
351	88.26967227384532
352	86.72030994893983
353	85.25096572306515
354	83.33841538029392
355	81.68101779366123
356	80.53081451485254
357	79.22350031486994
358	77.853575207038
359	76.57221558765005
360	76.09491961799517
361	79.70769611436263
362	78.22742556584144
363	77.07257513398154
364	75.45643588351258
365	74.20268692422681
