1	5.1
2	3.4
3	0.5
4	6.2
5	4.2
6	4.2
7	4.7
8	5.5
9	5.3
10	7.9
11	7.7
12	7.6
13	7.7
14	8.9
15	3.9
16	3.7
17	7.0
18	7.3
19	5.1
20	6.5
21	5.2
22	5.8
23	3.7
24	5.6
25	5.1
26	5.6
27	3.8
28	8.6
29	4.2
30	3.9
31	5.2
32	5.1
33	3.6
34	4.9
35	4.3
36	4.7
37	5.2
38	6.2
39	7.8
40	9.5
41	10.3
42	8.7
43	6.8
44	6.2
45	7.7
46	7.2
47	5.2
48	8.2
49	5.3
50	5.8
51	5.9
52	7.3
53	5.4
54	6.3
55	3.3
56	6.0
57	9.1
58	8.1
59	6.3
60	4.9
61	10.7
62	9.9
63	4.9
64	5.1
65	4.8
66	5.5
67	10.1
68	6.9
69	5.9
70	5.0
71	6.1
72	6.0
73	7.2
74	7.7
75	8.5
76	5.8
77	6.7
78	7.6
79	8.4
80	7.5
81	7.2
82	10.7
83	14.1
84	11.3
85	14.4
86	15.4
87	14.7
88	10.5
89	10.9
90	14.5
91	13.5
92	9.8
93	10.2
94	9.8
95	6.9
96	11.1
97	14.0
98	17.0
99	15.1
100	10.9
101	12.8
102	16.6
103	18.2
104	14.9
105	11.9
106	15.6
107	18.3
108	20.3
109	21.5
110	13.7
111	12.3
112	13.4
113	15.5
114	18.7
115	15.9
116	20.6
117	16.5
118	18.3
119	19.5
120	18.9
121	15.4
122	17.4
123	20.3
124	21.2
125	19.6
126	19.8
127	22.4
128	21.0
129	14.1
130	16.2
131	18.4
132	18.3
133	20.1
134	20.3
135	16.9
136	16.9
137	15.4
138	17.2
139	17.1
140	18.3
141	19.9
142	19.2
143	17.6
144	18.8
145	17.5
146	17.2
147	18.7
148	21.9
149	22.4
150	22.4
151	21.4
152	22.9
153	22.0
154	22.0
155	20.4
156	22.8
157	21.8
158	22.8
159	22.1
160	19.8
161	20.3
162	21.3
163	21.4
164	25.0
165	25.5
166	22.6
167	23.7
168	23.4
169	24.0
170	25.9
171	27.7
172	28.6
173	26.8
174	21.6
175	22.7
176	23.2
177	20.7
178	23.4
179	22.4
180	24.3
181	25.5
182	21.6
183	22.5
184	22.8
185	24.7
186	24.5
187	21.2
188	22.3
189	20.0
190	21.3
191	23.0
192	27.3
193	25.8
194	20.6
195	19.5
196	21.5
197	23.0
198	22.7
199	22.0
200	23.8
201	24.9
202	23.9
203	21.5
204	19.4
205	21.8
206	22.8
207	22.5
208	22.6
209	22.1
210	24.4
211	25.2
212	26.6
213	24.6
214	27.3
215	28.8
216	29.6
217	28.4
218	27.5
219	27.6
220	28.1
221	27.2
222	28.5
223	28.4
224	27.1
225	23.8
226	19.9
227	19.5
228	19.3
229	19.9
230	22.0
231	22.1
232	24.2
233	27.0
234	28.6
235	29.2
236	29.9
237	29.8
238	29.1
239	25.2
240	24.9
241	28.9
242	25.8
243	24.0
244	22.2
245	26.3
246	28.7
247	25.9
248	26.2
249	27.7
250	22.8
251	23.9
252	27.7
253	29.4
254	29.3
255	29.4
256	29.4
257	28.9
258	27.6
259	24.6
260	26.5
261	26.8
262	27.9
263	21.4
264	16.2
265	16.6
266	18.1
267	17.7
268	18.0
269	21.8
270	22.4
271	21.0
272	21.3
273	20.4
274	20.9
275	22.9
276	21.1
277	18.9
278	18.3
279	17.0
280	17.0
281	16.7
282	16.6
283	17.4
284	19.4
285	20.5
286	23.4
287	15.8
288	15.8
289	17.8
290	16.5
291	15.7
292	17.1
293	16.3
294	17.3
295	16.0
296	17.8
297	16.2
298	15.3
299	16.8
300	16.3
301	14.9
302	20.0
303	18.7
304	17.4
305	17.2
306	19.0
307	18.0
308	18.7
309	17.4
310	17.2
311	18.5
312	18.6
313	15.2
314	11.8
315	11.4
316	14.0
317	13.1
318	12.7
319	13.8
320	19.3
321	14.0
322	12.3
323	13.5
324	11.7
325	17.2
326	15.0
327	10.5
328	10.3
329	11.5
330	12.5
331	9.5
332	11.3
333	11.6
334	15.7
335	13.0
336	14.1
337	11.8
338	11.4
339	8.1
340	10.6
341	11.9
342	10.0
343	9.4
344	8.7
345	6.2
346	8.2
347	9.9
348	9.9
349	9.4
350	9.2
351	6.4
352	9.0
353	9.3
354	6.0
355	7.3
356	7.5
357	10.2
358	10.9
359	11.0
360	10.2
361	4.3
362	7.0
363	8.1
364	9.0
365	8.2
