1	247.5564232576387
2	238.8515977831186
3	230.51597700366037
4	253.71111472452364
5	235.91468220533886
6	235.72933615047046
7	240.93500949613218
8	246.56082848493634
9	248.84519185937748
10	259.407373235426
11	254.68496731125538
12	254.66681341342334
13	258.02938269095375
14	264.662418193758
15	235.6211770299095
16	238.13738740755963
17	252.27136457719575
18	259.071453324131
19	253.16153732925133
20	258.0146630703683
21	247.3774181700059
22	243.89863493390672
23	245.99875292831985
24	246.06543761362178
25	241.67302061656073
26	247.69273525142498
27	251.25692143747992
28	264.2633513433206
29	234.0922940793032
30	234.53264266352224
31	242.4058858269929
32	239.49144277959022
33	237.80995257666183
34	243.6717295375269
35	244.1526442317597
36	248.2737926640306
37	244.65860890465504
38	250.8226309061746
39	258.1227590711953
40	275.5642166490563
41	280.50974963769056
42	277.5832828712305
43	251.30602717950302
44	250.76930476558235
45	252.80136889387842
46	255.2696217929235
47	255.09345172611287
48	257.5792843043125
49	250.1817206748743
50	253.2681678039245
51	255.58304376336713
52	251.88462101882823
53	254.36173922905212
54	258.59855977223845
55	246.72533121399323
56	252.02808694985336
57	265.3898876640425
58	252.88883859562287
59	245.6621378244105
60	251.7369495156003
61	269.5509769769864
62	272.55776734476694
63	237.94044206440302
64	241.27720658151094
65	248.31206935886112
66	260.074295557455
67	265.94617918074357
68	249.1936583660702
69	243.31892662046565
70	239.38333835563077
71	243.25432440486668
72	247.76836593423698
73	257.37595694928285
74	265.01682757294583
75	270.025663959988
76	259.64499684900363
77	259.2853687608543
78	261.1715904481555
79	254.26721306506474
80	253.1412385903552
81	260.48638924385716
82	277.35883264581975
83	294.735972439127
84	292.74811184235705
85	292.8073169298067
86	304.7132652031788
87	283.5182302236149
88	270.1789012343819
89	271.422214614959
90	295.56848701604656
91	287.6199456984228
92	281.4869471083761
93	274.0405376697626
94	272.2812632207684
95	267.4142105650161
96	273.34707438492524
97	287.3314058454386
98	322.9817490470917
99	295.850003272316
100	267.9018748632666
101	288.49047427062754
102	321.4336865512966
103	331.77105067876073
104	297.387968982619
105	291.09258466618354
106	310.350904861875
107	327.3323814677926
108	337.42993216028066
109	343.8121378075903
110	306.6697831822382
111	290.18593123468645
112	284.124689756113
113	312.62083459407097
114	336.52564966997227
115	318.8261236927734
116	348.37472917507006
117	313.9127605652676
118	323.5290971169027
119	337.11192457680596
120	331.30867245968216
121	287.53710860816693
122	316.7521183956658
123	342.7807082293304
124	352.6904296893205
125	334.7452517422877
126	338.83690789841455
127	363.6722747340383
128	354.4095800727939
129	290.62401701125134
130	304.1523834222014
131	323.4067622733204
132	331.9982762228511
133	340.2910010193798
134	341.7172140036525
135	330.629087143249
136	326.6489409208583
137	311.45518560333943
138	322.20025042104834
139	329.53076199828126
140	336.9996982275625
141	337.9625435620789
142	333.7208338304167
143	323.7198365485338
144	330.4440909339164
145	322.46174723949554
146	325.5402589670794
147	338.7703423533401
148	352.28166243473225
149	353.5668188465441
150	349.2250879988225
151	360.3794295875653
152	363.4415884595252
153	341.5675713132386
154	353.17062321590845
155	348.7682610063133
156	352.7180683364434
157	355.0795237089225
158	362.68554288734055
159	356.55312568784996
160	341.9832016729985
161	343.6757428155129
162	352.233857796154
163	364.3004140153522
164	387.80113696186777
165	387.9151472214134
166	367.13030796741907
167	375.0155741741399
168	376.408446720126
169	379.90977381296705
170	390.4298384271345
171	397.23256832770966
172	385.82765864034434
173	376.5487764932913
174	360.1198219352283
175	370.34776697230024
176	373.62189203510474
177	350.9725426815817
178	368.6667953949671
179	370.35920955981766
180	377.69298530263563
181	382.7998148222154
182	360.7187898650859
183	362.4597712815998
184	366.7578457961707
185	382.88743510097515
186	371.1834931877587
187	355.29153238826274
188	369.01109802294627
189	352.09243011228403
190	356.0380866570912
191	376.1808005947009
192	403.2034053310733
193	391.6856931814547
194	354.9220725015526
195	346.2164490565106
196	353.6981333447805
197	366.97672106595536
198	361.9888730789264
199	361.3029287521441
200	375.1450075396681
201	385.13544894998995
202	380.9511629138614
203	357.53539159577304
204	343.81387824751863
205	363.42327309859314
206	370.5198649400981
207	361.830247026076
208	357.6451065948869
209	358.6872775136132
210	381.1575020418661
211	390.71754841658424
212	395.37177704568586
213	382.7419033521226
214	401.75162888074476
215	409.5382172708376
216	416.80694256846107
217	410.7353629516151
218	404.14500861429127
219	404.9316766098176
220	408.3640946160275
221	405.10054360524043
222	407.75691143461086
223	402.16951020902457
224	397.2222866128704
225	373.14323852864334
226	352.9390667565877
227	350.9830915013634
228	348.9863920946416
229	353.45987938859247
230	366.12034406646865
231	366.3079021266111
232	378.9360290212024
233	399.32344042479156
234	410.1058605236666
235	415.1080305971617
236	420.09320809745145
237	416.2050944194422
238	412.1105084012571
239	385.4784062698466
240	382.44268190103384
241	408.75661664693763
242	382.13276306168405
243	373.28661180154677
244	366.48800792743646
245	393.6547678106363
246	412.6003183777207
247	379.6228265176864
248	380.99311610554605
249	398.0792350377756
250	365.4485792075627
251	374.5965417550322
252	401.12481148746946
253	412.0272129688865
254	413.69572591470194
255	414.5206979828303
256	414.55086979591374
257	397.7911556289917
258	388.359691374672
259	373.49392476485355
260	386.6061568552875
261	393.8250103760769
262	396.14318486268945
263	359.74242684930533
264	326.6660404946268
265	317.0554836382179
266	323.75558601759957
267	328.9729595779839
268	337.96730455264554
269	361.63537139645325
270	355.9843947236685
271	345.86493499823825
272	344.41586287016315
273	321.3126094487064
274	334.04921314908233
275	344.3851114448991
276	328.8140405052337
277	321.86570369744703
278	321.2330103709453
279	320.2415474610202
280	319.150909314278
281	314.85427870031
282	313.2908864030871
283	321.69892736468597
284	335.3962131639269
285	354.1736720408901
286	369.9952694569274
287	316.6439442582392
288	317.6016170119135
289	321.7081493523636
290	309.01429965217187
291	309.0724747960417
292	316.47588173269764
293	310.30887379913725
294	319.22437773009136
295	323.40410485174726
296	325.40300815197963
297	300.81672796369605
298	303.2197816101572
299	312.26773872386696
300	309.83958456352445
301	314.5494258043903
302	338.434137765062
303	314.08905426634067
304	317.3476631547473
305	325.48689342798326
306	334.7428747669407
307	337.4516726338135
308	326.7081756569054
309	322.3712651289539
310	331.0520339422106
311	338.29804495977766
312	335.7830634032367
313	316.08267127332357
314	295.0497331652022
315	293.75348214927163
316	302.4186679716641
317	295.56096136323083
318	286.30910263207204
319	301.79883654251915
320	332.93793498752956
321	282.70508120972477
322	281.8513157294804
323	292.01233175169205
324	294.02977809949937
325	329.03262110323027
326	294.6511375937877
327	272.924352826837
328	278.4799793817838
329	293.59106661131455
330	285.702286944929
331	273.20209004905183
332	283.2359055233575
333	295.7734840377264
334	322.7382481452646
335	303.86344349132173
336	295.01742014007476
337	281.33332661139565
338	275.0279441635674
339	262.842214174982
340	282.4757544739924
341	281.10835715377283
342	269.3267467860015
343	263.4617217935911
344	260.5433895085386
345	257.67547407275623
346	273.59923838619494
347	268.0376600953838
348	265.26865506572597
349	269.4122843745135
350	262.89409194764886
351	256.8185700265392
352	263.4057943641394
353	263.56049844432494
354	245.0787134785669
355	251.71676109031196
356	257.8240276205864
357	272.61910414177146
358	274.04238812596805
359	276.0605044203217
360	270.59271909675255
361	243.54407486696488
362	249.12499599146656
363	259.67634490865714
364	261.9217729784853
365	260.33817553933403
