1	0.31233959727484395
2	-0.2954199021436752
3	-1.7243282665674258
4	0.5600802432824574
5	-0.4536146819491438
6	-4.573643209894661
7	0.8338739745642814
8	-0.7018822974571202
9	-1.0291523105958804
10	-0.2830557405351066
11	-1.127855886849936
12	-1.7950747478574465
13	-1.1885874675734325
14	-1.212842127928016
15	-2.8457575470058005
16	-2.6219610929334056
17	0.7558941194043571
18	0.11900805606258036
19	-1.2318406074413772
20	0.03462699005571235
21	-0.3515424236990876
22	-0.09559947781061906
23	-4.616159624698369
24	0.6581297682003302
25	-0.7032106113164245
26	-1.8600307144237713
27	0.10617932597400426
28	1.1706013627215137
29	0.1850093786991005
30	-0.1766481083526692
31	-0.5061999142585565
32	-0.39395595699595853
33	0.25567640763877897
34	0.7210873804408102
35	-0.18254847345174507
36	0.544550335060884
37	-1.4635623385458691
38	-1.625845063647736
39	-2.943137713683099
40	-1.373984093756551
41	0.5345308997508944
42	0.03296492723654998
43	-0.8770461729069718
44	0.35976664757020105
45	0.5722993275404962
46	0.025559413917246587
47	-2.091767434461168
48	0.9034199616780194
49	-3.181557841750436
50	-1.5870066286722597
51	-0.7484821530387427
52	-0.13270480554307174
53	1.3268845771778546
54	0.4197919052196193
55	0.2263993941852478
56	-1.20811586767773
57	2.729878928701145
58	2.6816845573192274
59	2.0351179127719163
60	1.790842366595447
61	0.9300862192729626
62	2.0128456797160466
63	-1.4860261472103582
64	2.4915872040769647
65	0.5289808178469144
66	1.7821502591396143
67	1.3220912954998685
68	0.8217566930272575
69	0.6128538914033097
70	1.6430731329850428
71	1.1587540403635668
72	1.2605076329548117
73	1.0304028944466461
74	-1.2982439872991618
75	0.9474107973026733
76	0.4204416882490811
77	0.17851578534643764
78	0.651372793004759
79	-0.47378920680789616
80	-0.04047749329528294
81	-0.5242724214598304
82	1.138886458691255
83	0.505608957456916
84	1.277332016356171
85	1.1613697047015394
86	0.5430629369075479
87	1.2234210776731356
88	-0.2938144121791577
89	0.44756039520817836
90	0.20571271084925513
91	0.02276141528187381
92	-0.47119042222651686
93	1.0102976186721069
94	1.0693280715151428
95	1.9667616707026987
96	-0.006052184768009283
97	-0.8502784737540843
98	-1.5446836098724184
99	-0.30406507841964014
100	0.05603627149095658
101	1.2132090402476212
102	1.7331442985081136
103	1.5700984694000581
104	1.8480667154053894
105	1.455427911347627
106	-0.1809601710959754
107	0.8381796409061018
108	-0.07987394209913212
109	1.0859863650736443
110	1.2099963044314332
111	1.4136787071834185
112	0.2216817101391051
113	-0.30692612651512974
114	0.837481998995667
115	0.455137800379557
116	1.9686981302304751
117	1.81552440111248
118	0.20446125523859493
119	-1.3553001910707607
120	-1.667134734739566
121	-0.07951325652609853
122	-0.5960299261925464
123	-0.9103390834759928
124	0.3580540736435758
125	-0.01101825507070231
126	0.21507833212537086
127	1.5886490602291818
128	0.6796289829982545
129	0.6048535126158683
130	-1.4162315205972327
131	-0.547060380582149
132	0.5814145217281173
133	0.47562276392939395
134	0.7573327845749915
135	0.6731800250492075
136	-0.4010525417513584
137	1.2847997508212572
138	1.5966570975455383
139	-0.3645582563147265
140	-1.6833794175130983
141	-1.0086564365924104
142	-0.6169412873913096
143	1.362145096624829
144	1.3372440543873338
145	1.6320746365893974
146	0.355395731130038
147	0.8031530848761044
148	0.07480111605262252
149	0.13120906112289177
150	1.0850793933043796
151	0.8079831135618498
152	0.29371131473655865
153	1.0260719251513137
154	1.3432869388600785
155	1.7215073942329866
156	1.6111030736540535
157	0.9290350938836269
158	0.333974679165177
159	0.02501276189834556
160	0.9408013552606569
161	1.5288923668930074
162	1.2280547566429547
163	-0.20418685695880612
164	0.07281938821150646
165	1.134154338077451
166	1.720007223973525
167	1.7677241620104027
168	1.2493800612272103
169	1.2273859573660495
170	0.43195720652155245
171	-0.10716211738441217
172	0.37247674476775927
173	0.9824189148045264
174	0.6602532122976861
175	-0.41593302551135025
176	-0.41553878765733643
177	-0.9384351175242784
178	-1.873351993008935
179	-2.0412345430204937
180	-0.6012844484934341
181	0.9361245812337877
182	1.438298927191667
183	0.20859945311976702
184	1.1193496488075674
185	2.4092617494209314
186	1.612372404145269
187	1.7954507817915086
188	1.2556284006493108
189	0.38889851997623737
190	1.5713914121124226
191	1.123946905964658
192	-0.6082465938850952
193	1.6633182669730324
194	1.194678320030782
195	1.2120976590616586
196	0.46960707640566923
197	0.6589463742155495
198	0.281602368944629
199	-0.048039788491664126
200	-1.4471348796482104
201	-0.5215050850189016
202	-0.4247067214686382
203	0.8199256747044004
204	0.21431864498431707
205	0.6398564400249178
206	1.2687377298761433
207	2.0037252079233028
208	-2.299891939514506
209	-1.0087853714290134
210	0.18315097957882642
211	-0.1797898152825006
212	-0.01630611562883999
213	0.1616969872956311
214	0.29531917686990283
215	-0.3326327801498259
216	-0.21120709510606162
217	-0.6905393197283587
218	-0.8718126459822244
219	-0.9559146370550096
220	-0.08876297188100679
221	-0.014345884968701483
222	0.5286542944565475
223	-0.11739469414391834
224	1.3996366979104984
225	0.6945424720898181
226	0.38527767846723293
227	0.10783942784131995
228	0.4642067334687461
229	0.33593184493431494
230	0.17399721543786484
231	0.02289540551989333
232	-0.07399171168872343
233	-0.6690237689072411
234	-0.281721303872537
235	0.7564989340930914
236	0.73703245808737
237	1.6497853770471274
238	-0.7541783086071341
239	0.03809779315629669
240	0.5924261877359207
241	0.21930002201046506
242	0.31336920305513516
243	0.1278952532464679
244	-0.17420088542866097
245	-0.47089175024395047
246	-0.6328904873118901
247	0.5378482287929245
248	1.843614953921385
249	2.0185193709248175
250	0.6058702128782052
251	-0.6879015147932819
252	-0.7324143821648903
253	-0.2994562235881837
254	0.9347665960636142
255	0.5168138219098566
256	-0.5132998984590067
257	-0.4723750644434759
258	-1.1846966425118701
259	-0.5386373844829357
260	0.5884482934624664
261	0.043901384630235185
262	-0.07487608684716562
263	1.1973011450450919
264	0.46368786135606044
265	1.9151332842740665
266	0.8063849779676424
267	1.2512965486995071
268	1.6585889715931827
269	0.800235657200254
270	0.2564884774296097
271	-0.1764251921777671
272	-0.18443983921272888
273	-0.43588751098415557
274	0.4799428331528546
275	-0.5451176497394634
276	-2.1236972216088645
277	1.4059798088489863
278	1.998620066758555
279	1.0418570386044301
280	0.774517914784191
281	1.0458773036045592
282	1.5837963321056918
283	1.8037759298458518
284	1.0711913692313964
285	0.5521098319529472
286	1.1583306331345717
287	0.5794096053628017
288	0.9946362596681695
289	1.317032618041356
290	1.4679085429627072
291	1.7698094642881692
292	0.5736671838157008
293	0.2995596753863552
294	0.2131061369521099
295	1.2175769400732896
296	-0.36364837355210256
297	0.28175980671404943
298	-0.39429942884081726
299	0.14416657995388427
300	1.4374693115025412
301	1.5316429590539773
302	0.05278809092238035
303	-1.584052044242295
304	0.14415360091045315
305	0.5353368173511548
306	0.6283646966474734
307	0.2654252119377567
308	1.2909553175667892
309	0.8892641831808668
310	0.8594223467137265
311	-0.029078977772986292
312	-1.08181969527444
313	-0.6460683246415151
314	0.7231108844133409
315	0.6044790339747532
316	0.20444423290519964
317	0.9659519063747233
318	0.7018820280084306
319	1.081620195689835
320	0.10998162139695644
321	-0.008217411414698006
322	0.6250958225950685
323	-0.16696675159648322
324	0.010041947268758733
325	1.193450763979059
326	1.2748488061043473
327	0.9768611340141202
328	0.7399080976128865
329	0.9127455810787417
330	0.8624638375665832
331	0.6120124387891295
332	0.5461167743256379
333	-0.15932184544382189
334	-0.7976637515544134
335	-0.40730057736763214
336	-0.21822741172568172
337	-0.3333313023740718
338	-4.032374215940272
339	-0.04213097582367098
340	0.5438100904247252
341	0.17373256408243787
342	0.9744638311943037
343	-0.03705965792801447
344	-0.22858750704837316
345	-4.061050824288601
346	-0.9961992584811528
347	-1.0788882552143644
348	-1.4700022297873385
349	-0.5670991231693976
350	-0.8837706370027143
351	-1.658795092431414
352	-1.6896391565466062
353	-1.194010281124299
354	-1.150774965184807
355	-2.126453119870091
356	-1.8933297615416396
357	-1.8379041358982313
358	-1.7460780895911037
359	-0.7866699229301626
360	-1.7637801587653783
361	-1.6519087136462867
362	-0.5412808289406508
363	-1.0938646625065944
364	-0.7016875227566679
365	-1.305300119571466
