1	233.61641395073588
2	242.6661454196895
3	238.29516785106168
4	235.1951402462848
5	231.44688568264263
6	224.65967689384058
7	225.9611408511905
8	228.6688572185689
9	231.6693488623023
10	238.56979362087404
11	241.855480059811
12	239.62878963294992
13	233.98334110429025
14	252.16348166385004
15	270.6609578130556
16	263.96306150934277
17	250.33747163505686
18	239.7986087812994
19	231.3812460883612
20	233.01355429988314
21	234.0158610851862
22	235.80598064171474
23	227.12870374357274
24	234.96715909745353
25	236.47425593498184
26	239.3882649968797
27	242.47507845718755
28	238.76185680673441
29	238.63952068099752
30	250.1420239130721
31	252.89173674857582
32	256.0937820020118
33	252.1365538529563
34	240.38169968192204
35	220.92604244017062
36	221.73690889202942
37	227.25164341762977
38	246.7377466981442
39	251.46396748053994
40	232.17407933889746
41	232.35245524669185
42	249.8384651776997
43	232.91920711698432
44	236.94324779850547
45	252.97427809441567
46	283.67307158918834
47	274.15588614412746
48	251.36905080288193
49	237.76785835050467
50	248.90921335789508
51	251.3870357463043
52	265.7877880920757
53	273.7944423020962
54	279.1502896953782
55	257.5929934385994
56	261.60838598715964
57	264.0905148266438
58	252.1518469989605
59	241.0795657688911
60	258.8127335020184
61	258.78146821216404
62	248.73633014312287
63	245.2333438876737
64	255.53715346595925
65	272.5706729029865
66	268.7752747915662
67	271.41135459606136
68	258.7895349668844
69	264.79083398665364
70	280.9479401452715
71	281.37465168948233
72	239.3629361866604
73	236.07095038945138
74	252.49007493545125
75	267.31981427340696
76	277.3910566852284
77	270.39589210641265
78	260.3877156285819
79	248.78918842706375
80	265.41035899633687
81	267.22696438574246
82	283.10756919954036
83	261.97471337825976
84	269.1836457450717
85	281.4179467659873
86	279.5079446176494
87	291.65180131614784
88	252.75048193852044
89	245.23545628513304
90	248.6694217693756
91	269.3915680719481
92	285.24857762919515
93	278.9451316765757
94	292.49314674743044
95	285.80713366327114
96	262.89541433396676
97	267.08173728776063
98	272.070475770676
99	277.12393216724877
100	272.5292534099195
101	282.9011392333694
102	311.0317722439924
103	324.60622798769595
104	305.3331311760001
105	274.778262458885
106	277.52971645347225
107	280.75354265141215
108	301.57419678082204
109	309.8312253084499
110	308.4258797759195
111	278.28164176835423
112	286.59778672165237
113	302.4415881888276
114	317.2201781457047
115	280.5788806237965
116	286.05861199071614
117	297.63818047887327
118	301.5767673909328
119	304.3310586873502
120	327.5828132243199
121	348.4322022020163
122	311.0596524393898
123	291.4652934941305
124	309.7580913146059
125	333.11724741722827
126	341.1079844374532
127	329.94790458240044
128	325.46268663906625
129	315.62915625665926
130	329.25584861442945
131	341.62688720589205
132	302.06114364602104
133	293.22666990690414
134	319.69969379934275
135	324.62368651887726
136	327.0131721198657
137	328.0182514832238
138	332.3297501674438
139	334.6260744614509
140	355.42147410359723
141	337.3678571393677
142	343.5640288274148
143	349.52690561401266
144	344.97455098298354
145	329.6363011960357
146	328.8939424863103
147	329.94790458240044
148	347.5304538864461
149	354.076852016291
150	352.15843164831807
151	355.13582184938167
152	356.4523689562536
153	359.07219910535224
154	338.3931184889091
155	328.8939424863103
156	332.99782320631795
157	343.10554661278763
158	337.7489109614279
159	341.5385351675449
160	341.32538465319476
161	358.45228617108233
162	350.76800586108516
163	352.4877668356514
164	356.790430628055
165	362.4205613254134
166	363.08060034717437
167	370.3852230117238
168	384.56213622610284
169	366.1778566373797
170	378.466036347867
171	375.0802284099544
172	365.9181469496578
173	360.90220775612863
174	373.65901668944997
175	381.1589488512588
176	371.64154596445053
177	368.96143873465377
178	388.78552896321827
179	393.5236605615297
180	395.481953027503
181	393.9426024322218
182	390.30210095475854
183	395.41209097014803
184	390.41370858233745
185	384.35260559591507
186	365.4074898564398
187	384.34327450992515
188	393.69515027947244
189	395.544932256769
190	381.03666341795275
191	392.57635018843587
192	401.1173812033113
193	405.2219238665332
194	412.9813608504928
195	417.66417330521034
196	415.19976425176736
197	402.553415872583
198	378.41842622406995
199	363.8961560911199
200	363.8704019598196
201	364.6107842568396
202	360.3234855639541
203	372.5102078185459
204	388.9533683543692
205	379.4887404922395
206	389.55902828367437
207	405.01178963247736
208	397.63109536515566
209	392.17430287258145
210	404.31158875808893
211	389.0011634409146
212	370.5110828595456
213	365.3684821997516
214	383.0658273144979
215	399.50799194444187
216	411.7146265213083
217	411.43982563891564
218	411.1040349075622
219	416.1793134258681
220	400.7779866243883
221	393.5918675441948
222	409.2793793919424
223	406.6024831453955
224	388.6568862727436
225	395.2786923482591
226	409.3104503004853
227	401.179871696501
228	405.7654074763761
229	413.78576939551726
230	422.4006794235424
231	421.8766380603914
232	419.26986150020787
233	413.40548893903184
234	406.584072040913
235	409.97860840205436
236	412.2693498858869
237	400.61739039874743
238	386.55062630937385
239	379.9982211308413
240	382.776646215454
241	403.6730780669971
242	394.8439316324738
243	383.9718347877404
244	367.73625975611475
245	377.2191059514836
246	385.0891522936263
247	385.93991606701627
248	392.5970957924158
249	362.5052921860096
250	384.48544913630707
251	391.16901758428617
252	393.16984233557497
253	410.0183211985771
254	388.15082144600103
255	360.5702174963983
256	347.2997661756103
257	348.6104350598926
258	352.95972190291303
259	351.65524080873683
260	356.0530408129573
261	372.62040846425793
262	384.59790735683725
263	369.19271717865854
264	366.517879662206
265	355.4891389018886
266	343.0794365074051
267	338.6520146398111
268	344.60162031319106
269	338.9539070406209
270	350.7115709178538
271	363.5142107915318
272	353.2822838936241
273	359.59204898607356
274	354.3596344036006
275	341.89140625742374
276	359.23068727265894
277	357.28145909630024
278	345.82115740308797
279	338.51422618239275
280	333.8752855154277
281	324.5517839734481
282	329.2272947800318
283	336.400450884703
284	334.35787990868266
285	345.34983076415057
286	339.708019571784
287	322.0791127406629
288	319.5497683768133
289	327.02634597518636
290	332.0156877542043
291	334.80370172235945
292	341.6518440611487
293	342.121048421137
294	332.7478637171202
295	328.5635185970544
296	325.0601836335843
297	312.9643497521499
298	327.6048724835379
299	326.8508955161768
300	326.303705038641
301	330.62351499287786
302	337.7687303971121
303	328.26258708820524
304	325.0853869174418
305	316.70655845690203
306	314.19132576263036
307	314.7396872383861
308	318.8917451537095
309	318.4217168334168
310	314.29895643137536
311	300.90704935897793
312	287.02126989689367
313	292.01392069132174
314	304.7201688338244
315	307.93325345224343
316	274.1510792477772
317	277.7445029135761
318	290.1858738832066
319	291.089056824459
320	279.47598929339586
321	271.7573749483872
322	273.73835635778164
323	274.753261164727
324	300.25269906273246
325	298.11292917019665
326	294.2159019677072
327	278.1176394406001
328	270.7771970606498
329	256.86890481881994
330	273.3703754697389
331	306.9958233177413
332	298.1882596573228
333	295.3967311801341
334	273.81188017550704
335	266.57633427869865
336	268.86961091755126
337	258.39110182121476
338	252.41930918503678
339	248.50166318125574
340	259.1718216826565
341	259.7682137794449
342	275.8483214321796
343	264.56523861188606
344	265.71386334967076
345	257.5736719201894
346	255.06355871323277
347	265.4728753255542
348	274.29786770036117
349	285.1545969832123
350	287.1112999779575
351	277.43082483021016
352	253.23274502435356
353	246.7757433888095
354	253.7577929414699
355	261.88162522870493
356	263.65821018797453
357	261.16404368266484
358	258.5845253861583
359	252.71200243940606
360	266.12732563392007
361	289.18464465069684
362	265.5943294596984
363	239.87564634565194
364	242.90478079619288
365	244.1954919587952
