1	-2.9577117054477107
2	-1.7312935739163002
3	-2.164488561607283
4	-1.4428954647023788
5	-1.5550701326070446
6	-1.0875093546367927
7	-0.8857078092663722
8	-0.6797617488722567
9	0.08835389361120649
10	-0.6269630416022451
11	-0.7429141051149131
12	-0.5083752750349164
13	-0.6408766813395097
14	-0.512411033355415
15	-1.8966119483900332
16	-5.374145923046132
17	-0.9030263961839182
18	0.5498658220199095
19	-1.7100198607596502
20	-2.0923486249046004
21	-1.9846340690746298
22	-1.7255212935323483
23	-1.5597893756834136
24	0.4447038435534374
25	-0.26582034221449025
26	0.9077963776673774
27	0.6313775599890041
28	0.5489236492168713
29	0.6932337819497845
30	0.6062254091321909
31	0.9009961761385603
32	-0.4292832503751627
33	0.4634984859931427
34	0.8789518404979815
35	0.7275761209076563
36	0.5189025841793091
37	-2.2673918768596453
38	1.7312924348064147
39	-0.48784705491350167
40	0.8458776486726478
41	0.5686994270345536
42	1.4080051482411524
43	1.6014714639156051
44	-2.4131030477695354
45	-2.3530569215301487
46	0.47725010905882304
47	-3.0143786763560168
48	1.9182825492048554
49	2.3008381503192337
50	2.1651503952312834
51	1.9002337520348802
52	0.26668394481939295
53	0.6380064116972219
54	1.6714838374898413
55	0.15768099510029998
56	1.3556987362286632
57	-2.6982890798105714
58	2.2741902853357088
59	2.3040993836909647
60	-1.2421357360507437
61	2.8436098086796413
62	2.197941422686303
63	2.1020770112765828
64	-2.6141943290549987
65	-0.5565931974864062
66	3.0849741474909873
67	-0.0018011643892581475
68	0.2506034129479424
69	2.207636775345427
70	1.9666575268858706
71	1.4412869347698498
72	3.445289992224458
73	3.523174992089025
74	1.7533724573826115
75	1.524762458341054
76	1.2779279031567405
77	1.0348550377905186
78	2.2584669691296018
79	0.5722645973868588
80	0.3027903174255213
81	0.643494051928541
82	-0.5250831239905978
83	0.9527126508378636
84	1.2482570869387004
85	0.9026080231772742
86	1.0157924648288423
87	1.3895384627749223
88	0.9427910563789634
89	0.5889863009941916
90	0.23013035237634938
91	0.28947079017088306
92	1.404324856602753
93	1.2153121307787185
94	1.3382296061023577
95	0.253990233335589
96	0.6784076575409586
97	1.174885612488211
98	1.3706586155826246
99	1.4377886466900147
100	0.4959285898728272
101	-0.15681910641592012
102	2.219990487395826
103	0.492512505786447
104	0.29670547045380147
105	2.7927788351224674
106	2.400600095824286
107	1.2648905203293328
108	1.9095684094256082
109	2.263542999758174
110	0.5558416903389389
111	0.23119513745253784
112	0.8212074510312792
113	1.624983331892759
114	2.9392619031050895
115	1.438051407713278
116	1.5947875643582137
117	2.2559257055498634
118	2.9943310709467426
119	2.739271730903422
120	1.2016481281829137
121	1.0606228509412183
122	2.2594842278500984
123	2.61176573083128
124	3.0838181942601928
125	2.360446067070942
126	0.10743940088261894
127	1.3799682022497741
128	1.3202944236859544
129	0.7033477199625935
130	1.5075025166663174
131	1.5272797058753618
132	1.1237432619905174
133	0.5219476934900573
134	0.29615400924478763
135	1.3425409430186832
136	2.2077308112563365
137	-0.7862896915199968
138	-0.2855868256791858
139	1.0643806934691042
140	-0.08003871707215993
141	-0.22070583439163372
142	0.7570344834022897
143	2.1800214741467556
144	2.1801417313564144
145	1.1359024618832798
146	1.7860407193725827
147	0.38672545599569474
148	-0.13415147321442333
149	1.5632531510383743
150	2.2516650231406032
151	2.0427940005563485
152	0.5467753836543352
153	2.1581078579350397
154	1.8270649910790162
155	1.6350323090044725
156	1.5074513173689645
157	0.6285152762875548
158	2.006396889868032
159	1.9112197383535374
160	1.2711925734959806
161	2.9315786973958105
162	1.5721499593099182
163	1.7595105497417833
164	2.093665927495806
165	1.0759791197388324
166	0.9233091960645083
167	1.2718964505388435
168	2.640318073898378
169	0.9376860499437925
170	0.027805736536599568
171	2.0453065660240597
172	0.3574635340704937
173	0.9064267729068121
174	2.023782533498114
175	1.2820359042256158
176	1.1466074051093749
177	1.1425705840103006
178	1.3436303710149993
179	1.5330328190545721
180	0.9996842498801932
181	0.5811831662864826
182	0.6878522333106076
183	1.4308588339994053
184	1.8890661707659397
185	1.7048124189390457
186	1.3019505565363083
187	1.1277729790409552
188	1.6361253742769577
189	2.460121536916244
190	1.3224673795486979
191	0.981250894705596
192	0.9212162427038422
193	0.549173171218186
194	1.5185471289171062
195	1.1535381782159924
196	0.7138249435171993
197	0.6111588254465232
198	0.4381662480095514
199	0.05058123489041577
200	0.6984379883157139
201	0.7853249421890283
202	1.797960326647857
203	1.9310878413224373
204	1.9343417379719554
205	1.3252644181966602
206	0.7563018130619596
207	-0.2417450022142411
208	-0.39959031639929066
209	-0.10164415275432148
210	0.26026077206075726
211	0.2892476836267157
212	0.041870032047864214
213	-0.15411264652990653
214	0.1516253037664832
215	-0.28951803255617037
216	-0.11729372998666321
217	0.3284055149254499
218	0.24200352612860243
219	1.2625899323317178
220	0.13985236703556936
221	-0.6584494421449243
222	-0.27771013464626293
223	0.09893377536062431
224	0.9583246635534657
225	0.9087222131621715
226	-0.3351891193303125
227	1.117779091622026
228	0.7104475394373999
229	-0.031162094156332643
230	0.7425680511797559
231	0.9960984822231183
232	0.48196757306283544
233	0.7664521048817718
234	0.4974244467657627
235	0.7114525034596539
236	0.10872361960517196
237	0.17508401755318914
238	-0.06725167362989382
239	0.2086946598013455
240	0.3181155193588765
241	-0.2948144293785404
242	-0.08183808805421577
243	-0.6883710022398475
244	0.14839119114742516
245	0.23265762973935367
246	0.2598959042757478
247	0.6832728118556375
248	0.717332563273203
249	0.6870583460059407
250	0.006957564139472794
251	0.6830772063129231
252	-0.6169272746824888
253	-0.6371504394660086
254	-0.5446609586294748
255	0.27361160833539344
256	0.5916294108699134
257	-0.13176556093458558
258	-0.5735625071335981
259	-0.5263739125269318
260	-0.6048037897101679
261	0.24405750569603057
262	-0.2183563718074808
263	-0.41575257243415464
264	-0.4418334369890786
265	-0.06813053346338549
266	-0.790250334545771
267	0.4179481700411003
268	1.500312960430179
269	0.8810048163106536
270	0.6260431577310861
271	0.44267018282215176
272	0.526237250456763
273	1.1614745640231305
274	1.2199285547800187
275	-0.13957852304847052
276	0.4651544698395931
277	0.8454742062616418
278	0.596638401203542
279	0.5567120266621188
280	0.7394819554759309
281	1.4537571816222652
282	1.2401647992648464
283	0.4299378579368067
284	0.42998622161015376
285	0.770295827891001
286	-0.21376849534310338
287	-0.9666474162839833
288	0.07746925630114987
289	-0.061410071489088836
290	0.02381118405194016
291	1.1496109985180354
292	2.4096787869126253
293	0.5402478623885774
294	0.9805404022439319
295	0.10382059361618445
296	1.2013204430665354
297	1.0168072437390787
298	-0.7325039401758371
299	0.6699989749887632
300	0.6783082115756152
301	0.26628635165947756
302	2.0258602510966295
303	0.5891434624637526
304	0.7542555718855599
305	1.1886570586812937
306	1.4401326288291614
307	-0.41081151888768197
308	-0.20506789574661255
309	-0.4039996556071017
310	0.1950264968345241
311	2.384772241322457
312	1.0001820991002006
313	-0.4226066563863
314	-0.8914249617239687
315	-0.39445960257747714
316	1.4414781052094359
317	1.9723278935150201
318	1.2008338355946986
319	-0.09392766137462694
320	-0.3429825925057699
321	0.2255424083395532
322	1.0019212989321709
323	-0.26849343609409004
324	-0.40086945908313787
325	0.5368610859695089
326	-0.5465645127649381
327	0.4857689080755456
328	0.6601039450683466
329	-0.34768989484400414
330	0.8577973366661888
331	0.33151728409799297
332	-0.3657144699770658
333	-3.225077845633156
334	1.0434128041138475
335	1.1671652098126302
336	1.1188725615029416
337	-2.195588703025578
338	0.7343304767942671
339	0.4168455707293077
340	0.29548824372221105
341	0.12079323521850505
342	-0.35436591468545675
343	-0.7554790838633254
344	-1.0296685641303096
345	-1.0283079512014845
346	-0.7882319507760904
347	-1.1380992248096637
348	-0.8297890615148917
349	-0.5113884393758377
350	0.09813156571878157
351	-0.4745508413815571
352	0.9110205739328245
353	0.0432798131768557
354	-1.4085769234004077
355	-1.454380122048594
356	-0.4331304513051206
357	0.3160858881611306
358	-0.6495693148794555
359	-1.2173305949943485
360	-0.7282670406189915
361	-1.2065129434421644
362	-1.1520458964830271
363	-4.662676934205651
364	1.404564918490224
365	1.3196523991150153
366	-0.6280699028258114
