1	4.9929604713467155
2	5.3875119237218305
3	6.010059050070136
4	8.320312817999014
5	6.15640184544674
6	5.655596723555418
7	4.993430394089159
8	-1.1769536574781556
9	5.867905105262078
10	7.32197117008296
11	7.129065459333083
12	9.18268905719717
13	6.952979199774744
14	-0.10870404921055954
15	3.4704048594008823
16	5.553482725874885
17	11.137400703044452
18	8.374793561419843
19	2.770575410608031
20	0.8800520719230809
21	-0.6075800901819095
22	2.4141369466478464
23	3.616072324580503
24	2.9017590719150723
25	5.027164827421717
26	6.650974186693001
27	6.840077316052876
28	-2.074196712864244
29	1.6828884947414933
30	1.6131804017347013
31	1.9695603101090127
32	-2.336435296537517
33	4.944943499733028
34	-0.2936477028314295
35	4.932374538056307
36	6.651359309810778
37	8.677902675720262
38	8.728482977928689
39	7.903979946024445
40	10.34923622889778
41	5.453379247117982
42	4.721284354330108
43	-4.141036496334846
44	3.8546709511717365
45	4.8803844991408445
46	6.3897764864106525
47	7.750220672037357
48	6.578208393166363
49	8.082328036547917
50	9.070155188894994
51	9.667835596035527
52	9.699520658295796
53	6.144142902634385
54	5.427750339026601
55	5.99627974273099
56	6.933246632691463
57	7.428010676492167
58	7.188744714906856
59	7.624552778813739
60	9.076602846364587
61	6.956274344806558
62	6.755048192367393
63	8.879087511599462
64	7.160084203293407
65	7.174249695210828
66	6.247482678059103
67	8.245554342212962
68	12.563624891982393
69	6.2686599484904155
70	7.481173899886904
71	7.564284093550454
72	6.048673785706817
73	6.0490894835947655
74	6.64347326291175
75	7.996668523651041
76	9.64197985172057
77	6.249902344805274
78	9.565133688293699
79	9.643622891297333
80	8.203231311585693
81	5.93209058884204
82	7.295745111081618
83	11.535463685935536
84	9.491843442418539
85	8.490536650129972
86	9.964245851231706
87	10.412111963931089
88	11.4875141186503
89	9.569958994858268
90	13.254713023475222
91	15.479414279593986
92	17.48235095159567
93	12.780591557076558
94	13.311247251045568
95	17.78421050175675
96	18.801853921302932
97	18.49143838439007
98	12.736665283192455
99	9.17220976274741
100	9.703897913221684
101	14.505220653643178
102	17.251956103264153
103	16.150789249476148
104	12.791918932614788
105	15.615653610184072
106	16.85976872592718
107	17.93294964731706
108	14.075176697939984
109	17.563511892773587
110	15.91235084314398
111	18.06961054710608
112	18.9664752012292
113	16.845814506551598
114	17.970426492705943
115	19.68330264289341
116	18.63794154044605
117	17.0819144467407
118	17.09490170173698
119	19.317882202104368
120	17.856762323466917
121	15.458888340652884
122	13.097293941608314
123	15.434611106199164
124	20.38043121481114
125	20.867687048780635
126	18.70348033410753
127	19.136658351743204
128	20.565044762193686
129	18.88166749163621
130	20.55499949103309
131	19.019109933231128
132	18.972765020060628
133	19.690407402116815
134	20.430283640412636
135	19.605029417533043
136	24.12273570536505
137	20.185060199420565
138	16.83474856842271
139	18.205319035209676
140	16.032668177629454
141	18.153919608169076
142	20.022103415293135
143	22.19166591793909
144	23.375666499584526
145	23.216649728394863
146	23.042392915525557
147	24.56001621112066
148	20.281361608447256
149	22.08628096343235
150	22.595451834724663
151	23.151836356279876
152	21.20174376987494
153	21.62447800395452
154	22.935091110444365
155	23.80793311116264
156	23.20232449783042
157	21.805414378097964
158	20.983742816243574
159	23.3444914963423
160	22.094138964900527
161	23.534922800882637
162	24.157829747915606
163	23.893637266608227
164	23.780196173810136
165	24.452721827421207
166	23.803923052435202
167	23.965119537304236
168	24.64608637475819
169	23.899998149699297
170	18.26509019880528
171	18.090210307786908
172	21.048013968503085
173	23.56590148805144
174	23.385989761833592
175	23.50969701097464
176	22.60883849663986
177	24.100210575151223
178	27.754975040088226
179	22.38707588339947
180	21.54309972571072
181	24.689601434756177
182	25.96992009595909
183	28.394363725974635
184	29.91948707156333
185	28.066785114937325
186	28.749375364389543
187	27.930797544974673
188	25.301702990351664
189	27.26003725992475
190	25.685503825027084
191	26.256575898027904
192	29.636789646388273
193	28.407037755348384
194	26.696403226149144
195	28.890292019961954
196	30.179286344972347
197	29.779720325782
198	29.36628651375768
199	26.554916031300614
200	27.212619917987027
201	28.344888945326012
202	29.182937480427526
203	28.3214861821523
204	28.68916287027539
205	28.842621993768347
206	28.897452337440647
207	29.607103531492747
208	29.205464972189795
209	28.986019820215553
210	26.603112042375216
211	28.70998901573116
212	29.942628523725
213	30.504946792038915
214	30.666415701040542
215	30.11294600191156
216	30.378506842693703
217	29.245613688539144
218	29.779951972684593
219	30.691734674658804
220	30.56077982535468
221	29.812877229571164
222	29.59463523778961
223	29.678402954753047
224	29.283271001624783
225	29.39133761826009
226	30.258865481214144
227	30.382406248340118
228	30.121479794676638
229	29.706139700818007
230	28.27244233941328
231	27.684897658139853
232	23.736819847659895
233	24.515936908209696
234	23.461829690069376
235	25.695287155154716
236	26.65630802181885
237	26.263604425839937
238	27.971563138135558
239	28.66316742143792
240	29.19407677918425
241	28.903510183061528
242	28.6736733976389
243	28.600304998176675
244	27.796685593667014
245	26.993459251712103
246	26.437654787226556
247	26.750784114733584
248	26.242304189332508
249	27.955681936256276
250	28.804190815687413
251	27.45595262601183
252	27.3993286348962
253	28.70153645685467
254	29.674789177924005
255	25.368806482478526
256	21.473634351105353
257	22.032552370695196
258	22.354923679295712
259	25.67513688780722
260	26.973480262770785
261	26.158315034277585
262	24.32056838144762
263	24.93263919741856
264	22.808621698002185
265	22.584002582563585
266	22.927074884591693
267	22.895796954048944
268	23.493804503073857
269	21.87289941897415
270	21.049567244170998
271	21.73892035365576
272	24.220962210664005
273	27.555636734998465
274	24.983109425797565
275	22.081236296890694
276	22.24606743563449
277	20.876478797204072
278	20.998683120705188
279	22.541608697210936
280	21.360607407507477
281	21.455263629672256
282	22.304186147189455
283	22.65883365116089
284	21.35007400076638
285	23.430951059001163
286	25.20959652659115
287	21.952464292962595
288	20.741483476730288
289	22.27097099884521
290	18.788641839652716
291	17.836350603503412
292	19.56570102648422
293	19.842107430673973
294	14.73289365219085
295	18.339685681977475
296	17.841872471559604
297	14.348296729197823
298	14.778359773437856
299	16.14037038892976
300	18.660085654846995
301	19.511072125492817
302	19.33548950954004
303	18.418252778275725
304	17.85735229162523
305	13.914874531951526
306	15.445614124562997
307	14.470322661527579
308	13.476719515880749
309	12.95791021400873
310	14.65925387064355
311	16.61631234909823
312	11.909297849223254
313	14.095648840491904
314	15.569373657574868
315	17.561537759608438
316	18.19975931007031
317	17.169953167788663
318	11.004106755347234
319	9.50887391979867
320	8.078765037541675
321	9.893072445819676
322	15.705854486104133
323	19.577802411499224
324	15.49321784503939
325	15.367346717853685
326	12.082505744634236
327	10.662241399532551
328	9.381615510426297
329	11.066606987801588
330	11.550430008730558
331	10.4778385178742
332	8.285155786510739
333	11.104498686945103
334	11.248814605223735
335	11.817784186008272
336	13.285741068977444
337	11.576295645972564
338	9.582173859523373
339	9.490516643999744
340	8.542999130175946
341	10.50312636748983
342	11.626679599388943
343	11.929266259750452
344	8.578838123065466
345	5.821793001098583
346	11.159749197241574
347	11.906311684263894
348	9.107347291101451
349	8.550649546440027
350	4.760450817505844
351	1.2560842326680755
352	5.458454650996827
353	4.339697334341731
354	0.6475502130650268
355	6.520328614675196
356	7.68809973840177
357	7.879292097361314
358	8.710590887395373
359	8.753998586431411
360	6.175238374179638
361	11.173075639510738
362	10.008742551623204
363	7.266006828569512
364	4.772873555156127
365	4.925149985776652
