1	-1.1070395286532841
2	-0.21248807627816912
3	-0.08994094992986401
4	-0.3796871820009855
5	-1.0435981545532602
6	-0.44440327644458133
7	-0.10656960591084097
8	-4.876953657478156
9	0.06790510526207783
10	-0.17802882991704028
11	0.9290654593330832
12	0.8826890571971688
13	0.4529791997747443
14	-4.30870404921056
15	-1.429595140599118
16	0.05348272587488534
17	0.4374007030444531
18	0.2747935614198429
19	-1.2294245893919689
20	-3.619947928076919
21	-3.4075800901819093
22	-1.6858630533521533
23	-0.5839276754194973
24	-1.2982409280849279
25	-0.6728351725782833
26	-0.549025813306999
27	-0.8599226839471239
28	-5.074196712864244
29	-0.8171115052585067
30	-0.6868195982652985
31	-1.0304396898909873
32	-5.336435296537517
33	-0.45505650026697264
34	-3.4936477028314297
35	-0.7676254619436929
36	-0.34864069018922184
37	-0.022097324279737762
38	-0.6715170220713116
39	-0.8960200539755556
40	0.9492362288977798
41	-1.2466207528820181
42	-0.2787156456698918
43	-5.041036496334846
44	1.8546709511717365
45	1.0803844991408447
46	-0.4102235135893473
47	-0.24977932796264302
48	-0.3217916068336377
49	0.18232803654791674
50	-0.529844811105006
51	0.1678355960355269
52	0.2995206582957959
53	-0.7558570973656158
54	-0.17224966097339856
55	0.99627974273099
56	-0.3667533673085366
57	0.028010676492166375
58	-0.11125528509314364
59	0.12455277881373927
60	0.47660284636458705
61	0.5562743448065577
62	0.15504819236739298
63	1.279087511599462
64	0.760084203293407
65	0.6742496952108281
66	0.04748267805910267
67	1.045554342212962
68	1.8636248919823935
69	0.5686599484904153
70	0.1811738998869039
71	-0.7357159064495464
72	-0.15132621429318327
73	0.7490894835947657
74	0.6434732629117503
75	0.39666852365104166
76	-0.25802014827942976
77	-0.3500976551947259
78	0.46513368829369917
79	0.24362289129733306
80	0.10323131158569332
81	-0.36790941115796016
82	1.3957451110816175
83	0.23546368593553524
84	-0.008156557581461499
85	0.6905366501299719
86	1.2642458512317063
87	-0.6878880360689106
88	-0.31248588134970134
89	0.8699589948582691
90	0.15471302347522276
91	0.8794142795939859
92	0.9823509515956701
93	-2.0194084429234422
94	-0.18875274895443184
95	0.6842105017567484
96	0.20185392130293067
97	0.9914383843900687
98	-0.06333471680754599
99	1.1722097627474106
100	0.2038979132216845
101	1.2052206536431775
102	0.7519561032641526
103	0.05078924947614638
104	-0.10808106738521239
105	-0.08434638981592713
106	-0.44023127407282203
107	-0.9670503526829393
108	-0.6248233020600154
109	1.263511892773586
110	0.7123508431439802
111	0.6696105471060818
112	0.4664752012292013
113	0.6458145065515986
114	1.5704264927059448
115	1.683302642893409
116	0.3379415404460495
117	-0.018085553259300724
118	0.39490170173698047
119	1.2178822021043665
120	0.25676232346691563
121	1.158888340652883
122	1.0972939416083136
123	1.6346111061991628
124	1.9804312148111407
125	-0.03231295121936384
126	1.0034803341075325
127	-1.0633416482567952
128	-1.634955237806313
129	-0.31833250836378824
130	0.6549994910330916
131	-0.2808900667688725
132	1.0727650200606291
133	0.29040740211681637
134	0.8302836404126346
135	1.4050294175330436
136	-0.4772642946349528
137	-0.21493980057943318
138	0.5347485684227102
139	-1.0946809647903244
140	-0.6673318223705458
141	-0.04608039183092316
142	0.4221034152931331
143	-0.008334082060908798
144	0.475666499584527
145	0.716649728394863
146	1.1423929155255585
147	1.46001621112066
148	0.7813616084472557
149	0.4862809634323497
150	1.5954518347246633
151	0.05183635627987471
152	-0.29825623012505886
153	-0.47552199604548306
154	-0.6649088895556368
155	-0.4920668888373605
156	-0.09767550216957943
157	1.8054143780979643
158	0.7837428162435742
159	1.2444914963422988
160	1.294138964900526
161	0.33492280088263726
162	0.45782974791560704
163	1.2936372666082256
164	1.1801961738101348
165	0.2527218274212082
166	-0.6960769475647979
167	0.265119537304237
168	0.14608637475819108
169	-0.3000018503007027
170	1.6650901988052773
171	1.6902103077869093
172	1.3480139685030856
173	0.865901488051442
174	-0.014010238166406452
175	0.4096970109746394
176	0.5088384966398571
177	1.3002105751512225
178	0.5549750400882267
179	0.5870758833994678
180	1.2430997257107208
181	0.8896014347561767
182	0.36992009595908826
183	0.0943637259746346
184	-0.5805129284366686
185	-1.3332148850626737
186	-1.6506246356104555
187	-1.469202455025325
188	0.701702990351663
189	0.6600372599247493
190	0.5855038250270823
191	0.3565758980279057
192	0.7367896463882744
193	-0.892962244651617
194	-0.20359677385085462
195	0.4902920199619558
196	-0.32071365502765303
197	-0.12027967421799701
198	-0.433713486242322
199	0.7549160313006134
200	0.8126199179870284
201	0.5448889453260115
202	0.4829374804275268
203	-0.17851381784770126
204	-0.11083712972461157
205	0.0426219937683463
206	-0.002547662559351238
207	0.20710353149274852
208	-0.5945350278102062
209	-0.3139801797844477
210	0.6031120423752157
211	0.809989015731162
212	-0.2573714762750008
213	-0.09505320796108663
214	-0.6335842989594589
215	-2.1870539980884374
216	-2.0214931573062955
217	-1.2543863114608556
218	0.07995197268459364
219	-0.008265325341195506
220	-0.03922017464532246
221	-0.38712277042883514
222	-0.40536476221038953
223	0.17840295475304657
224	0.08327100162478374
225	-0.20866238173991292
226	0.2588654812141442
227	0.3824062483401178
228	0.32147979467663745
229	-0.09386029918199412
230	-0.8275576605867201
231	-0.9151023418601483
232	-1.4631801523401045
233	1.4159369082096944
234	0.7618296900693764
235	0.39528715515471546
236	0.25630802181885315
237	-0.5363955741600641
238	-0.028436861864442164
239	0.26316742143792027
240	0.2940767791842518
241	-0.1964898169384739
242	-0.5263266023610988
243	-0.29969500182332354
244	-0.2033144063329857
245	0.8934592517121018
246	-0.16234521277344527
247	-0.24921588526641614
248	-0.8576958106674937
249	-0.5443180637437237
250	-0.2958091843125885
251	0.055952626011830375
252	-0.20067136510380124
253	0.401536456854668
254	0.47478917792400566
255	-0.43119351752147494
256	1.0736343511053548
257	1.6325523706951977
258	1.4549236792957139
259	1.5751368878072185
260	1.473480262770785
261	0.1583150342775852
262	-0.0794316185523769
263	-1.1673608025814417
264	-1.9913783019978162
265	0.38400258256358555
266	1.327074884591692
267	1.3957969540489437
268	1.2938045030738579
269	-0.3271005810258494
270	1.0495672441709978
271	1.738920353655761
272	1.4209622106640047
273	0.15563673499846686
274	0.483109425797565
275	0.5812362968906939
276	0.046067435634491005
277	0.4764787972040736
278	-0.3013168792948129
279	-0.058391302789065236
280	-1.2393925924925249
281	-0.4447363703277425
282	0.3041861471894549
283	0.5588336511608887
284	1.4500740007663815
285	1.1309510590011627
286	-0.3904034734088526
287	-1.0475357070374045
288	-0.4585165232697115
289	-0.5290290011547896
290	-2.911358160347284
291	-1.4636493964965887
292	-0.7342989735157808
293	0.14210743067397402
294	0.8328936521908492
295	1.6396856819774754
296	-0.5581275284403944
297	-0.551703270802177
298	-0.4216402265621433
299	-1.059629611070239
300	0.2600856548469963
301	0.21107212549281584
302	0.5354895095400387
303	0.11825277827572478
304	0.0573522916252287
305	-0.4851254680484747
306	-0.054385875437002795
307	0.17032266152757813
308	-1.6232804841192507
309	-0.6420897859912689
310	0.9592538706435505
311	-0.08368765090176922
312	-1.090702150776746
313	0.5956488404919043
314	-0.030626342425131625
315	0.5615377596084379
316	0.7997593100703106
317	0.16995316778866254
318	-1.3958932446527665
319	-0.9911260802013295
320	-0.621234962458324
321	-0.3069275541803229
322	0.005854486104134082
323	0.47780241149922276
324	-0.006782154960610853
325	0.36734671785368533
326	0.882505744634237
327	-0.3377586004674491
328	-0.11838448957370318
329	-0.0333930121984114
330	-0.24956999126944268
331	-0.5221614821257994
332	-1.1148442134892615
333	-0.29550131305489735
334	-0.3511853947762642
335	0.21778418600827187
336	0.285741068977444
337	-1.2237043540274364
338	-1.1178261404766268
339	-0.7094833560002556
340	-1.1570008698240528
341	-0.9968736325101695
342	-1.1733204006110576
343	-1.8707337402495483
344	-2.321161876934534
345	-0.4782069989014168
346	0.7597491972415735
347	1.1063116842638934
348	-0.09265270889854804
349	-1.0493504535599723
350	-0.9395491824941562
351	-3.4439157673319247
352	-0.341545349003173
353	-0.7603026656582683
354	-3.652449786934973
355	-0.679671385324804
356	-0.41190026159822946
357	-0.22070790263868556
358	-0.6894091126046273
359	-1.0460014135685896
360	-0.7247616258203626
361	1.0730756395107388
362	0.10874255162320345
363	-0.7339931714304884
364	-1.5271264448438728
365	-1.4748500142233487
