1	77.87052685441888
2	77.1729250994047
3	76.61840492384627
4	75.93283488667466
5	75.69997061803917
6	74.935350911996
7	74.41568698164365
8	73.71046778072251
9	72.89278649924962
10	72.14928748100576
11	71.60079485331701
12	73.78954700829078
13	72.72234239149117
14	71.9072328296063
15	71.04743054421898
16	70.48158405293711
17	69.5378001758429
18	69.02636885102605
19	68.16374199404956
20	67.65168638142654
21	67.24063501804768
22	66.93882258182862
23	70.27215591516195
24	69.40710170785029
25	68.3732103977469
26	67.41274003830011
27	66.40501301359984
28	65.9514115837193
29	65.88215416746931
30	65.16354583554063
31	64.09120536553326
32	63.02684266488685
33	62.708815468177825
34	68.89929165865402
35	68.54236279897925
36	67.92691993603206
37	68.11881050916844
38	67.31128471475144
39	66.28197771762218
40	69.52659342269531
41	68.54437981061928
42	67.88049635681281
43	68.71599228106321
44	67.50347929954043
45	66.24376341481936
46	65.22906664307891
47	64.0807676985927
48	63.214859413195924
49	61.909857197856645
50	60.9962918301606
51	59.949180358840735
52	58.64641338023594
53	57.651739281001234
54	56.79239054051251
55	55.58544565195782
56	54.53365789010017
57	54.710486855434084
58	53.33632171077265
59	51.94596692661706
60	50.98062075060987
61	49.938129647333156
62	48.79807311464482
63	47.89510718621056
64	46.61220960036903
65	45.466163902616465
66	44.34024295920065
67	43.275979848234606
68	41.96190897947568
69	40.89644354210724
70	42.94815342704274
71	41.9811060379597
72	40.95047573803742
73	40.068336917061615
74	39.74743027336976
75	38.36508625643743
76	37.517375088087384
77	36.44412990049283
78	35.587834695865936
79	38.41004097654074
80	45.35661153058565
81	44.546929335685306
82	43.421209279071796
83	42.346162280999145
84	43.50830398254508
85	42.79959290045733
86	42.68643754870241
87	44.44517842934098
88	43.45848814924726
89	41.88516741336531
90	43.21134573693604
91	48.148919512058086
92	46.45964061751698
93	45.096749431318216
94	43.863946705926764
95	42.36927090186215
96	40.79708359549078
97	39.259574481722424
98	48.23082262671014
99	78.7656242353838
100	77.53274972953771
101	86.03185004860109
102	85.06403253737349
103	83.57219209847052
104	85.11640954157046
105	86.35140205918785
106	84.6941530049084
107	83.535865865459
108	88.65677462134826
109	100.0
110	100.0
111	98.81611399102496
112	97.45759640904669
113	95.75567361299201
114	94.14186475403962
115	95.4031533962012
116	93.87057154350096
117	93.47781857204582
118	92.23016986978122
119	90.59613949051013
120	89.0892350271806
121	87.12560178866467
122	85.47170727037107
123	84.25360234535796
124	84.2338964152545
125	82.55069996050702
126	81.75545041965177
127	79.2027389976823
128	77.03631838492483
129	74.95521911375263
130	72.92632337371431
131	79.7704577401669
132	82.62194774266983
133	81.75003434599432
134	80.9138796219015
135	83.28405453051266
136	81.50829469189006
137	79.86004119869212
138	78.75850775803582
139	77.4732662018818
140	78.883988736506
141	100.0
142	97.73588983163344
143	95.77952315571355
144	93.41283466578628
145	97.36188295095755
146	98.99226986078796
147	96.67164440061583
148	93.67094505583579
149	91.81109935995524
150	100.0
151	100.0
152	100.0
153	98.093217476049
154	96.8517635589122
155	100.0
156	99.53770123589115
157	99.46830926604123
158	99.59780892425091
159	97.72277460900098
160	96.20747270377386
161	96.31120553174438
162	93.99918750010222
163	92.23951434265842
164	100.0
165	97.95262040862369
166	95.5012160943021
167	93.5820384337057
168	91.43716747717531
169	89.24120358746269
170	87.19071674227214
171	85.67107298346339
172	84.12026927057998
173	90.9196172334354
174	98.0068210847357
175	97.85248408330706
176	95.5489297933713
177	94.38534272309957
178	95.81391318522776
179	97.37148144407995
180	95.7395194936046
181	100.0
182	99.43150775821051
183	97.5398579611128
184	95.39538311837728
185	93.77169614516234
186	96.17965417937795
187	93.62064182837128
188	93.95100676440691
189	95.55029204564923
190	93.77544142495124
191	92.96657470918888
192	91.4257013564877
193	89.3753196561286
194	86.62058474534786
195	84.3530032425263
196	82.37812837005741
197	79.68821602655333
198	77.9496098079553
199	75.62503930044583
200	74.08406353909311
201	71.16346355462075
202	68.62607670619876
203	66.88175049924719
204	64.48956789130207
205	61.91914809753474
206	59.24636374922393
207	77.37152661218406
208	75.54494661589496
209	81.75438506086628
210	79.8754398861324
211	77.6277017052448
212	75.44515981865004
213	73.36400216519196
214	71.10846627895914
215	68.73721135529281
216	66.16642658809329
217	69.8733230666326
218	68.0482522390285
219	66.34169414890447
220	63.51237543823862
221	60.62848300880446
222	58.031138719182884
223	56.049868115809176
224	55.352188111048875
225	52.92761275444905
226	50.87928055979919
227	48.60231027350826
228	45.91208828402276
229	71.43669012289973
230	75.19568739604964
231	73.51553983859537
232	74.65518129096863
233	76.89775918576983
234	76.17822301060664
235	74.6369790333654
236	78.11014673092852
237	92.26563937158858
238	100.0
239	100.0
240	98.19229659227483
241	100.0
242	100.0
243	100.0
244	99.02719412956989
245	98.01974705815678
246	95.84092325966553
247	93.55199111325486
248	92.92786315826889
249	93.22247185056172
250	100.0
251	100.0
252	97.61467393726228
253	95.08616625597293
254	92.96323422152378
255	91.2194063345544
256	88.77521065525535
257	86.75259250658617
258	85.42864173436712
259	85.72081745667013
260	87.86224496666448
261	85.83036785641676
262	87.21896042586395
263	89.75861290059437
264	92.3583510917383
265	96.41681748039575
266	100.0
267	98.1818332735965
268	95.51655887919868
269	94.1439039324416
270	92.75123181154218
271	90.73649781887056
272	89.76413869719786
273	95.62365809080251
274	94.95806805529529
275	94.91247939378987
276	93.30423800460346
277	91.92343251046839
278	90.32858380393466
279	94.09717633005889
280	100.0
281	99.11562183408823
282	100.0
283	98.47629667308657
284	97.02375977051122
285	95.6477909650943
286	94.07032708249776
287	92.59150563800075
288	94.57344954140815
289	93.16998398755487
290	91.62058357139807
291	90.2079444100969
292	88.72505388777995
293	87.35894454414994
294	85.84077542808942
295	84.34678635953713
296	83.10705004210187
297	86.44127955531141
298	87.66423399888141
299	86.55788048353124
300	85.70279838123615
301	84.5201167312166
302	83.2887074163287
303	81.90164740101007
304	80.97074066324652
305	80.28703463525976
306	78.94721448848303
307	77.87308070939125
308	77.16151582224195
309	75.63922730781319
310	74.75907788625253
311	73.88137423185445
312	72.66460690525113
313	71.11430453269027
314	70.50134778804981
315	69.86316071897475
316	69.27075377716251
317	68.62242420786316
318	67.56024090277558
319	66.63163504813171
320	65.95256855462539
321	67.00931780851218
322	66.38659099992213
323	65.3574373701112
324	64.14959353108617
325	63.29326210492595
326	62.362631971449744
327	61.27483323485619
328	60.3987016178212
329	67.55349581496702
330	68.2968496469861
331	68.34887653702405
332	69.4096414862317
333	79.05961716853683
334	78.19973451868971
335	77.0736724473382
336	76.23227360813402
337	75.71692938436809
338	74.82169658260057
339	74.0914641664511
340	76.77872845223006
341	75.45189805098865
342	74.76284342218155
343	74.16503252633953
344	80.65540361958963
345	80.4245229587705
346	79.68032508351351
347	78.75868256776288
348	78.26034288807482
349	83.8656558231927
350	83.40860494281857
351	82.83399786441643
352	86.00071046025003
353	85.18910459874104
354	84.16259924124928
355	83.48567444452848
356	82.83953708073314
357	87.07770779991279
358	86.68427179469498
359	86.33869526416214
360	85.66113376524478
361	84.61849507607651
362	83.43455985122394
363	82.44044341469767
364	81.2655110967088
365	80.55217158202628
366	79.52945449706004
