1	2.390750912191762
2	1.1835243807135098
3	1.1821884475053315
4	2.404707107835047
5	1.2697231457074691
6	3.0532057912521777
7	-1.166525102147685
8	2.845741131144311
9	3.7032218312012253
10	6.466250080216265
11	7.375859016054885
12	8.881348209552524
13	8.597412546692663
14	7.430612017177995
15	8.79895505380464
16	9.311608072134963
17	6.958715354224899
18	5.192540327115622
19	3.4416267441456325
20	-0.4480614898965287
21	8.098851488343083
22	8.096128489781325
23	4.221128756074559
24	5.078208319821484
25	5.2362787506276325
26	-0.9652929502357397
27	6.224108882500253
28	6.458221011592975
29	4.065123585600271
30	4.315724165894706
31	4.0827818391911626
32	3.573774432546027
33	6.058358774328716
34	6.042283828430572
35	8.931388872457681
36	7.102127181289631
37	9.644592601283929
38	7.6883606207587425
39	7.430477916182006
40	5.7693917761876135
41	-0.9229571910769616
42	1.9086724182675487
43	4.748610761197347
44	2.2663848833358093
45	4.677257029734267
46	5.230324120929846
47	6.144378118026071
48	5.250882434831865
49	6.409904767384201
50	6.052892011195019
51	7.580132849089611
52	9.321101335382416
53	11.380827474982556
54	8.997208447275366
55	7.631942135728411
56	7.46601488371403
57	-9999
58	10.906979509847226
59	10.91451550101765
60	13.055001418055571
61	10.617881027533766
62	5.871728490986825
63	7.543703009375256
64	6.048801405460774
65	11.990729055811652
66	9.073594502730685
67	7.37948603701735
68	9.109667056732242
69	11.080934253675245
70	10.99760378775498
71	10.787768684247023
72	10.118979998896442
73	11.227082284990246
74	14.265654005803846
75	11.887705467597602
76	14.057231407409425
77	10.810614813717724
78	11.380334864816934
79	11.920110652607192
80	10.793816422288156
81	12.84544921772168
82	9.527953618332017
83	8.163797247950004
84	9.368278513361023
85	9.560044305139947
86	10.77205655911468
87	10.375978977174242
88	10.093373344195136
89	15.826929427712418
90	12.360304599364113
91	16.132173347594815
92	18.248786308715474
93	18.34346879186739
94	13.129635596916224
95	12.436924380524875
96	11.481464095012047
97	14.352258084995412
98	19.995005075921622
99	17.343075287544877
100	12.622122147294238
101	14.951891035835459
102	14.001787481626174
103	12.67782818655056
104	15.698009119676577
105	18.60685457742728
106	19.846136314010817
107	18.636167843598965
108	13.978862877495136
109	14.642949516351202
110	15.680841871385443
111	15.991986463369756
112	17.254592558300214
113	17.298855888298487
114	19.171380947574168
115	15.859114586153428
116	12.55865122524925
117	13.324110729341609
118	13.957313573782482
119	16.068251415173116
120	17.084242391595748
121	19.249331531669984
122	17.055357892386237
123	18.351034148221917
124	20.088047254598184
125	21.8846281079823
126	15.851878836064948
127	14.686273090991644
128	20.227430015321513
129	16.184778398757214
130	15.308017319297843
131	17.10931774938109
132	19.244853971307204
133	15.912889024058885
134	20.35843287513995
135	19.358719449072662
136	15.188645571635401
137	14.477071143965173
138	17.317054320329326
139	19.87589015352247
140	18.333562909500923
141	19.411961585441116
142	20.254327252762288
143	21.278841209853354
144	20.363490736758685
145	18.745255432579402
146	18.909236646212033
147	18.661630044721047
148	20.53279939211163
149	20.943749558918707
150	22.179325293634516
151	22.332888262714395
152	23.620230576772105
153	22.376370153268567
154	21.51792809618573
155	23.22116285625969
156	22.704947869998254
157	22.740086715093074
158	24.398835052949245
159	24.8975374773049
160	21.88029490472772
161	21.30378651337196
162	24.55680643708436
163	21.533788127087416
164	20.78196402859822
165	21.717813525689476
166	21.6322655236323
167	23.31316731824918
168	23.62158940331499
169	21.33980838778662
170	23.36758902334087
171	21.773518132484423
172	24.95095590919137
173	19.541259207385593
174	18.14953105668349
175	20.384618496871497
176	18.59452025289372
177	18.387092944217603
178	18.666942616508877
179	21.95009489302096
180	21.937215584952902
181	23.87697477385968
182	23.900447133377412
183	24.9696617017279
184	25.13173137799459
185	27.831626093600782
186	26.27346076874789
187	27.286883805482226
188	28.066672550791885
189	29.37454712291906
190	27.694284288721157
191	27.092328548562918
192	27.936080402971555
193	26.809804958305264
194	27.021787566900606
195	28.23259544387708
196	27.1132495957236
197	26.567364062504943
198	25.72858648459738
199	28.556122112563536
200	28.418088432620102
201	30.621165986588764
202	30.088590821923084
203	29.551970294653557
204	29.760475575301093
205	27.942897029655207
206	27.499528523317117
207	30.015527089765108
208	30.490985148359165
209	25.515174036067464
210	26.504734094151452
211	29.37435652245219
212	30.343492041768982
213	30.48757781347694
214	27.756346073420055
215	28.69074286057925
216	27.732617523425994
217	29.303578751139483
218	29.89785015648345
219	30.2350962684747
220	30.389184671892828
221	30.172492227747604
222	30.01494781624219
223	30.02105110567117
224	26.825322656738308
225	28.58450328688909
226	29.03015702761875
227	28.507093180860352
228	27.44811703589734
229	26.456236208354916
230	26.195540247516412
231	26.953327220997018
232	24.746292953743243
233	22.705676049286957
234	22.436975826573516
235	21.42060498439291
236	24.786573386095192
237	27.55990225912101
238	27.252258872409037
239	27.87794055998603
240	29.265830832581422
241	29.076603825006217
242	28.855522159085602
243	28.745678493238934
244	28.658652578951482
245	28.164361693705224
246	28.85337957430952
247	28.81896943979458
248	26.720491092573944
249	24.548707846285502
250	25.04002140319463
251	26.54408761121335
252	24.55302576557866
253	24.53309797570069
254	26.277860247736974
255	26.994065821373944
256	23.533969399197666
257	19.37298228867798
258	19.807643566444085
259	20.31337237665215
260	21.168565326799353
261	21.88569529333377
262	19.554428291172346
263	20.62328186900189
264	21.576526235316347
265	20.043775285442024
266	19.943748672948704
267	19.47508410871346
268	19.621832447614445
269	18.397564957713048
270	18.070091958359523
271	19.177116838104464
272	22.816503811619416
273	21.376948741644455
274	21.276846259227018
275	24.018614767574892
276	21.781135447043276
277	22.679535843378222
278	22.4453216078322
279	22.10376983795337
280	23.16443816379238
281	19.366212701124073
282	18.876616792151168
283	17.160959671885802
284	15.483509123399607
285	16.574881756807017
286	17.06123020570472
287	19.78935009240362
288	20.478814360077855
289	19.51168369431953
290	18.89722877794627
291	19.040797174346316
292	19.97067832535766
293	18.280638814323538
294	16.897711302409853
295	16.56625087306284
296	15.54076985543215
297	15.06685997657723
298	17.33827566257612
299	14.920864156854016
300	15.048182268486347
301	12.501437258971741
302	11.488204885206489
303	11.837735649963058
304	12.310768461078837
305	11.971827920349671
306	10.709608542329786
307	11.092260178949214
308	9.863232210919037
309	8.709163669076641
310	9.092389722618002
311	8.775097415613985
312	9.208383322929649
313	8.237371436626702
314	9.006410584139722
315	10.897851894077803
316	11.74015057589948
317	10.707717964608335
318	8.998749527941705
319	8.738317920953726
320	8.517896957147798
321	8.494416717018915
322	11.269857714031467
323	8.67882546935385
324	8.352540309553017
325	10.13168072211954
326	6.451294875007242
327	7.374797993734897
328	10.870729764709441
329	11.995922585411414
330	10.758299619402521
331	7.991158973910053
332	7.722913744645971
333	7.444499007278387
334	9.6660690201353
335	9.745472534257598
336	10.479960258300164
337	9.286183845124384
338	9.169730823039057
339	11.983882163356856
340	9.264243511829942
341	5.488610646087856
342	1.7065705996247678
343	-1.8152508627148132
344	2.4310396746417267
345	3.177241672785196
346	3.360643957726043
347	3.4084596052358043
348	2.5832534721313563
349	1.8865292943528713
350	6.847149708304069
351	8.86496169600732
352	5.542560208820251
353	7.189039037859426
354	6.2448129744684975
355	-1.2646316888692626
356	5.9926459401029275
357	4.564540479662798
358	0.6600334734002571
359	2.489794445132911
360	1.8316924165431407
361	1.4510479218460857
362	0.822296800221479
363	2.8139335488548474
364	2.5979082853893543
365	3.4515922842445788
