1	239.72230165355617
2	241.43446166491407
3	231.4000469579722
4	238.68882278209244
5	241.074375940743
6	239.27723620567323
7	233.72641844205972
8	245.34956360760984
9	243.02491939354945
10	252.30090948436163
11	257.21642682679175
12	265.67137271765085
13	265.0112003153056
14	257.4658007376126
15	266.4793722435203
16	272.695263554353
17	259.1062039320486
18	245.71429028244657
19	241.46307443998728
20	244.5023787213377
21	265.83074288734736
22	264.1866144820189
23	243.06707461257554
24	244.0662845796965
25	244.69523751101244
26	236.8187333599822
27	253.88495631590578
28	250.83211985679648
29	241.09669675017122
30	240.77984096157323
31	240.04375831938344
32	237.21352612461314
33	248.85479942046157
34	255.48862792874203
35	262.7416579601906
36	261.02425296281274
37	266.2870060806532
38	259.2894880294091
39	259.41644637524706
40	245.81263916363193
41	233.83566744198302
42	233.2953276517518
43	237.6714829839504
44	237.50039203616885
45	236.28103383539815
46	237.94227838380942
47	247.68425006946887
48	251.9455311688479
49	246.51470385884238
50	242.9228489736535
51	253.96812277764033
52	264.0840442606979
53	276.2362704503893
54	263.8156651160704
55	255.91677995010184
56	252.9891163183376
57	-9999
58	279.01400920301455
59	280.26883950821747
60	290.1291308472825
61	277.39489468088806
62	247.0518415618671
63	251.98885105469904
64	255.30756505857477
65	281.09014118673537
66	261.91326588878803
67	250.21147287910043
68	259.7582922178386
69	272.2238050687267
70	271.20035727380395
71	271.39811842727863
72	265.28336714871307
73	274.7394228539979
74	298.2504726027648
75	285.3600928110392
76	293.1341250863315
77	275.97737860315016
78	273.3303173736407
79	276.06163549837686
80	275.6427567905757
81	292.1602302530391
82	268.83020473064204
83	256.96860901813847
84	260.8724971708891
85	271.96269873779283
86	278.0928395875418
87	264.6847886207609
88	274.18770456823535
89	301.63758164541014
90	288.7649772122517
91	300.3117956677124
92	320.19434716489997
93	320.9767076255711
94	282.19734990065365
95	277.7972513405393
96	276.96909376059983
97	294.6994258466171
98	329.23680830328215
99	319.10635634673014
100	288.9960974273359
101	301.0449583624367
102	293.67703951966024
103	284.26165350191724
104	298.705782460208
105	325.40327607583583
106	339.00748327576446
107	330.53157961929355
108	298.25178723318425
109	292.53189634711055
110	308.1658945783405
111	309.7391164270941
112	320.00109724138576
113	314.95585141921606
114	325.61996225042697
115	311.0720525919667
116	289.4684386062647
117	286.49914299247683
118	285.3764013996343
119	298.8257785285564
120	318.74877531768135
121	332.8300756532088
122	312.50195337667805
123	317.5637074217109
124	338.8054630579444
125	348.3208517229578
126	301.4215301429108
127	301.28276507873915
128	335.5503067871487
129	310.80406166630553
130	304.5437975193148
131	317.50765165251914
132	326.04312681482327
133	308.8420354396052
134	332.6683127167563
135	329.6518767446304
136	305.5817529151932
137	299.03079941973135
138	317.1920795160934
139	329.1091948413893
140	323.8150771349046
141	324.1908424615155
142	334.0953994361597
143	347.212298208691
144	340.358469107306
145	322.36897483246827
146	323.13976051219123
147	325.4194262545268
148	331.0607267403682
149	340.9268746822697
150	351.8473867542414
151	357.4036648571563
152	361.0041308696285
153	356.7316528661993
154	348.28491602507574
155	358.9253270905696
156	353.8814241301543
157	349.90093582207106
158	363.961157390476
159	372.84951657242055
160	346.9594964551087
161	347.64359513925757
162	376.30887846677854
163	348.93649631981793
164	343.0596658213172
165	350.6290192171157
166	349.46132361180673
167	363.23933402227374
168	368.31850647842964
169	347.8726276046391
170	357.2031790438736
171	352.31949807505333
172	371.9740518476865
173	335.23479865984484
174	324.60622798769595
175	338.1182120257444
176	326.2230575984791
177	324.3646983865116
178	326.2104683306706
179	351.5567116760084
180	351.40117556266864
181	368.2262419340501
182	366.9494302512274
183	377.42087204138477
184	379.5841705521278
185	396.5960308780694
186	390.1287380775789
187	399.4643811589596
188	406.32295915185074
189	414.60009230661944
190	401.84091026330856
191	393.6015896673847
192	407.16571286965086
193	390.92095031701285
194	395.3014797898535
195	407.0127527171867
196	398.87575272968974
197	389.58825909289925
198	387.14224415906097
199	405.33229250700606
200	409.2013365240714
201	422.74471728748625
202	421.9572713250639
203	419.5095935346281
204	416.05189346639673
205	401.89328812297856
206	396.5696013643219
207	419.36784616387115
208	424.59944396219316
209	386.34359950890473
210	394.81613247735436
211	416.36138374683935
212	427.1282851414096
213	426.28133089233694
214	398.9622087039239
215	405.14598669545535
216	398.8240985126628
217	412.67557383385804
218	423.37488267257567
219	423.57023746821255
220	426.0988983185391
221	424.62265786100573
222	423.6035720022463
223	422.9250623276118
224	396.6989995113431
225	410.2159034583447
226	415.33728563611106
227	410.22601584007356
228	398.6544622754115
229	390.5959387444785
230	388.1164735788814
231	394.335417247432
232	373.036144466794
233	354.69073152037913
234	355.0017012379212
235	351.1659559026899
236	375.01870650635067
237	395.117075836105
238	394.3847559788433
239	404.1720804458955
240	413.9443923450951
241	411.7793223736706
242	412.60309959740533
243	410.20312759106923
244	407.66801909271214
245	406.1072655595348
246	412.6976188843812
247	412.80011161801553
248	396.085600919567
249	374.1839411599179
250	378.34430106549274
251	389.7798598941315
252	376.2471035216203
253	375.81076213731956
254	387.94035587676547
255	392.78253231157464
256	367.2896506409224
257	334.83306163731044
258	339.66969049083536
259	341.1642308871097
260	347.29636638261354
261	349.80328996691526
262	331.6025010442929
263	337.0677652104341
264	347.46789621720916
265	341.8258469115994
266	339.47276807876597
267	330.8186871357646
268	334.61352909296056
269	330.69494625446
270	328.8939424863103
271	333.02860431726936
272	362.49243242445675
273	349.98147137204535
274	349.011030572374
275	367.91885429942545
276	355.19774579802066
277	357.33376312763335
278	355.86960787621587
279	359.0633160972101
280	366.37527107844295
281	337.8274769097415
282	332.7006424594584
283	314.86992576701397
284	301.1751452908267
285	308.2417589770498
286	312.2344556335908
287	333.41921899785876
288	340.6504805053875
289	332.25613423792714
290	327.66209791957596
291	334.1056410050157
292	341.3288527900379
293	328.4887881223125
294	318.2040959497722
295	314.48944690541083
296	310.28250230267116
297	306.6897457852541
298	316.99356430222315
299	305.3992440582199
300	302.6487000364265
301	284.3283607944081
302	277.88069478360325
303	280.0144796601065
304	283.7043465819556
305	288.17639942012124
306	275.2570184076102
307	275.5396493584013
308	268.3573027269144
309	262.7397501313775
310	264.0093592292159
311	263.37052733147993
312	268.8389771153761
313	263.0421862689155
314	263.82706886256267
315	275.2321279818029
316	285.80982316217313
317	276.9894522756209
318	265.2171963037631
319	266.3841009733402
320	267.44487829133567
321	269.8288561693161
322	279.23339673597224
323	265.3596692365333
324	266.068056429905
325	273.8346734278412
326	259.4983798403279
327	263.61964860421676
328	281.2019356706133
329	287.38575923477765
330	277.79217331828056
331	260.51491968624197
332	259.13816996404125
333	257.38380195669407
334	271.75509000911796
335	275.7594668258381
336	275.645232538897
337	269.65988400298653
338	272.30524027494954
339	286.0736693836101
340	270.0727526418151
341	253.96742326003618
342	254.51482521526586
343	237.9572960838382
344	246.11212312560352
345	240.31562671064268
346	241.16866292388875
347	242.29581529482033
348	237.71723802153917
349	238.6134244922982
350	255.30744253664815
351	265.6596588625242
352	251.2641866262149
353	262.68298534624665
354	254.606867141426
355	241.18616115737169
356	256.2272457635838
357	249.13999040857655
358	249.6892592436041
359	249.56139561363057
360	239.55054378679756
361	232.82547234811014
362	230.27367876540018
363	238.99970421215247
364	240.02979457780097
365	244.23104430975565
