1	7.146741518813637
2	6.297272719933441
3	7.097737132319838
4	5.924881805023591
5	4.815350578637974
6	2.605928749115985
7	2.5578186577882134
8	-1.1970606294728698
9	8.306599427254216
10	7.765280031829799
11	5.158890705751129
12	3.6298020472106343
13	1.923568128921409
14	-1.733406928367235
15	-5.738263936882594
16	1.244726554139695
17	4.894120991369948
18	3.5941283636324384
19	3.3329760928960885
20	-2.3638072845990523
21	4.466227171124024
22	4.043341484401529
23	1.825385122843918
24	0.3237926146000474
25	2.3441391441506623
26	3.7604253757761077
27	5.348597930122231
28	6.932820294147546
29	6.570833641095603
30	9.493495236454905
31	4.120589622087539
32	3.904083790829154
33	3.3296671274386282
34	5.948313132329431
35	6.468423210558789
36	1.7544565403909216
37	7.304123309245482
38	4.1362757753158474
39	4.411866949758806
40	-0.6467413318831214
41	4.007848551234917
42	3.2354661983622064
43	5.84736554019583
44	5.035857387727435
45	4.669624653575755
46	5.65828787125773
47	6.747368460454168
48	9.703621134155789
49	5.3980866771348195
50	5.018372603785845
51	7.873578946473169
52	6.193113560744236
53	5.288249800167502
54	9.030046487275222
55	5.645864641506836
56	6.312052518245557
57	8.025415164960638
58	7.045244207770163
59	6.423602733004393
60	6.5292972658999835
61	8.60197955469636
62	8.814739992324846
63	8.534984036139878
64	10.265240008077026
65	9.6908933113302
66	3.079370922320737
67	7.076859529581813
68	8.602534823148602
69	8.86013535334305
70	9.48690374762074
71	8.696147838916922
72	4.824348348078465
73	6.783337660069633
74	3.668982002813997
75	10.652858730710307
76	9.744449488215547
77	9.112683911577953
78	11.985639519210853
79	12.060372995221012
80	7.5787851453873385
81	11.370710498785122
82	8.479130540106286
83	10.2530226678765
84	10.725906415026259
85	4.551275394811056
86	7.349453336498857
87	9.802502559879812
88	11.03710200963014
89	12.44824727372922
90	8.114417272977818
91	7.588353841778786
92	10.458388586027816
93	10.930645568523651
94	12.953734523520286
95	14.880508331264448
96	16.57271123445215
97	19.143553882334732
98	17.385727055786816
99	15.485090761785532
100	10.335550627432369
101	9.18194008897829
102	13.9512624768522
103	11.275854157206549
104	14.615719160988686
105	16.43880112397427
106	17.742476905476178
107	17.456068687164404
108	20.596853377926475
109	15.578632081284965
110	15.515323685937133
111	15.383460115622967
112	14.837901755323163
113	14.834463716123587
114	15.394603566469698
115	17.20149487996546
116	15.904264316285317
117	13.584560217188859
118	15.33750675437916
119	17.082209430119445
120	18.018519426191144
121	15.665634016355757
122	18.487879169759665
123	19.119837235791596
124	20.868789819535717
125	22.91268328283463
126	22.176176663313125
127	20.203166779373664
128	20.744050155810548
129	14.564348716571057
130	16.477181648563025
131	23.252623687852235
132	22.37180415877135
133	18.04620397666316
134	19.460368136961925
135	18.662100091689318
136	19.64323381119958
137	17.759260860167288
138	20.287547697864614
139	21.951661842358458
140	23.02443056504188
141	25.401431010702545
142	26.04049561021884
143	25.441716096829488
144	20.450620637902585
145	20.270254128008258
146	18.628690305634386
147	20.302509753732213
148	21.926075850692786
149	22.467208496713166
150	24.564170859241962
151	24.33191087553135
152	22.88938860077534
153	23.315282115632105
154	19.03130084023261
155	21.192017714517036
156	20.138014701106272
157	20.05862833885618
158	19.008519652602157
159	20.62348897533058
160	23.83125451524695
161	22.927720180129043
162	21.745674598322786
163	21.90588283637975
164	16.672876636325995
165	22.31559779513748
166	23.389019453773404
167	24.30676302479847
168	24.64393192107819
169	18.59051970323997
170	24.34128164154641
171	25.80048519828113
172	22.024369406664437
173	22.60836145657449
174	26.617824386719953
175	24.33750963945095
176	23.185442029484335
177	24.731029703242967
178	22.779584925903205
179	22.969682015387942
180	25.51761674260746
181	24.29404573875511
182	23.378557461904546
183	27.500962525934177
184	28.3770450179238
185	25.48400358828092
186	27.896912372682586
187	27.07582539815136
188	27.783488246808695
189	28.593349158919096
190	28.92922593519787
191	29.249055237309413
192	29.20313685138077
193	29.360680756495135
194	29.11381954633117
195	28.637219354206913
196	29.108951662375482
197	28.589168408234833
198	28.80988696691034
199	27.461517070572185
200	27.612560339643863
201	28.597501625522774
202	29.726095492249634
203	29.368092991477887
204	28.07071082115727
205	29.08663409364673
206	29.170910338196443
207	26.63306548693584
208	25.572650926934408
209	27.953351625648104
210	27.096189715298955
211	26.790340748015666
212	29.010517643126526
213	27.844171333175773
214	24.116172289928585
215	24.840080372558212
216	26.41509632795927
217	29.00047201366538
218	29.501104437514407
219	29.639769979943175
220	29.29658482378428
221	30.558176553195914
222	26.889521535062563
223	25.030203354325373
224	26.690710586321977
225	27.71076067317926
226	26.425314297357936
227	25.256132159060492
228	24.1984045063286
229	25.983471427422934
230	27.11658850555377
231	27.609191144429012
232	26.477827926104887
233	27.655215927751343
234	28.76187857647549
235	28.49283471313504
236	29.113462852637113
237	28.372920953058482
238	27.767260878310047
239	24.88684911547309
240	26.145934614095545
241	28.844769002029643
242	27.856040665395597
243	23.39355732915017
244	22.924453413475675
245	21.59237613164329
246	23.5490591620747
247	21.155820885711616
248	24.606960496890586
249	23.901340960003935
250	24.521440210311077
251	26.34051401820374
252	24.43126782476036
253	26.15406722608045
254	25.703891299782427
255	25.714095204538218
256	25.844395489821032
257	25.149637512442368
258	21.645064990083927
259	20.20357558414796
260	21.344769351281776
261	26.005802375756424
262	23.913027582908022
263	22.93562031040138
264	22.005805192084548
265	21.472213526844108
266	22.0636177453757
267	23.66105839556572
268	24.03199885930867
269	24.52650877788603
270	24.252921448901326
271	20.77599232827938
272	20.778573485257
273	19.523969797044156
274	20.129292245769204
275	21.516712270498157
276	22.93652068874941
277	16.69902859050947
278	15.625425416204525
279	15.99537870053289
280	21.196918096498084
281	22.751870477155926
282	23.190657292075713
283	24.74349624285113
284	22.954398072819153
285	23.334008098588264
286	17.365108120230087
287	17.33496665168
288	17.27817509423091
289	15.123761246937253
290	15.672781695531068
291	15.34055855958582
292	13.500305600738841
293	16.872872058240624
294	19.42631626615617
295	20.11807597319021
296	17.17581200641669
297	13.940209840199934
298	14.270282753695696
299	15.366007537775744
300	15.45443440036739
301	15.203560001458339
302	17.3189528878932
303	13.869580126763307
304	12.622815018407742
305	12.409663045763342
306	15.1261896104245
307	16.737356647618164
308	14.90108659817458
309	12.325253049611458
310	12.568900246658714
311	14.499378899355861
312	13.465000559163514
313	13.063759447544598
314	11.228978951898263
315	12.222012398002494
316	10.612314128281522
317	10.968278267019386
318	11.813806706678655
319	13.019263657368196
320	10.235756597676758
321	8.6449709477785
322	8.413737150934605
323	7.6344248729016675
324	1.566853927301799
325	6.960342979136697
326	6.423147029957497
327	10.23972783963081
328	7.669856609051485
329	8.045396081224386
330	9.131560198696953
331	10.282399821543283
332	11.013845933787639
333	12.406561588647119
334	10.877027434073227
335	9.30362953764416
336	7.68622443541864
337	7.734840662980964
338	7.867399553421381
339	8.562032385592111
340	6.096930673612451
341	6.4720427163373655
342	2.656535148733531
343	5.1420069411564375
344	4.287206175635581
345	7.504334368826664
346	4.712853414605546
347	1.9134364933918482
348	3.178533201179593
349	2.8090363916518717
350	5.995870098453806
351	3.239463469834223
352	2.008558839019261
353	3.521511966187691
354	2.8400301986641194
355	3.421408344530671
356	4.050061815363168
357	6.600154679458195
358	5.156994094309602
359	8.18155054561765
360	5.825211924347356
361	1.8322400342580734
362	2.18065202985414
363	4.613049684891478
364	5.063445592198806
365	-1.5704655658743585
