1	46.23833560318833
2	45.69419852401069
3	44.779326914826285
4	43.91756602211443
5	43.28970171200625
6	42.558499248221686
7	41.911650654964824
8	41.451522589308595
9	41.17687686792343
10	40.32419958926959
11	39.55042404740178
12	39.15326624820631
13	38.46179854600211
14	52.93005445532866
15	52.068522627831115
16	51.65583468190713
17	50.87689533728006
18	49.83788503979357
19	49.03527752098889
20	48.04553498662836
21	47.431185151847245
22	46.71401080174317
23	46.03593589257511
24	45.47266116668566
25	44.74984679489516
26	43.980973197943065
27	43.059437177164284
28	42.125196663530154
29	41.15040978909148
30	40.077130836105276
31	39.50211125404793
32	39.023887585971174
33	38.22785518769395
34	36.99377177999162
35	36.35982074829151
36	35.15447277934344
37	41.34494896981963
38	41.2112138655474
39	40.13111693080633
40	39.20321796525722
41	38.3855022117494
42	37.44598905915306
43	36.860773870905646
44	36.75193033206087
45	36.25796912673944
46	36.88460893385298
47	35.96184307988963
48	35.0581097772022
49	34.928704999867705
50	34.1870092356436
51	33.246863324418754
52	32.4976700066419
53	31.751551583063303
54	30.87314412611406
55	30.12615776457219
56	29.28334437356624
57	28.529309036618866
58	28.24415013813082
59	27.557608840471136
60	27.30003006477436
61	26.228544793400697
62	25.415790727141836
63	26.474611952418016
64	25.82390455423133
65	25.078657433791783
66	24.552214010342283
67	23.793646324264632
68	22.76743024307886
69	22.119007442087018
70	21.283684179458607
71	20.65249528723605
72	20.05345247302617
73	19.37752896189906
74	18.864827346979265
75	18.207162751307138
76	17.484525911563182
77	20.318090855998697
78	19.50825030571224
79	19.318450995297844
80	18.41710059273876
81	17.79833208237043
82	17.234055980786504
83	17.118825492227778
84	19.403889720672627
85	18.71834176879893
86	18.641950910212405
87	18.089955537941794
88	19.635278614910963
89	21.4709938625393
90	21.41604028975789
91	20.826713496587264
92	36.91327632409787
93	64.36178953872366
94	62.43379846893616
95	61.05178269608127
96	74.68742898884196
97	78.195693363442
98	76.14226465792865
99	74.83316668250473
100	76.91985133827498
101	76.73993555190249
102	75.43431801474188
103	73.93275523222852
104	72.56095622272798
105	70.9866052276041
106	69.51366325587733
107	68.29054235545577
108	66.61474017140061
109	64.36962425729953
110	67.32905840582663
111	72.54294353471151
112	70.78740834995723
113	69.49481647224918
114	69.67511327685271
115	67.15170542145592
116	67.26948885519131
117	65.1493709438749
118	63.06241518049139
119	61.170636993066665
120	60.0942129169193
121	58.61042276408721
122	56.48241906529403
123	54.644483130918765
124	52.993738746447896
125	50.885672640702225
126	48.80364815211894
127	46.36187635455807
128	43.774120708082414
129	41.864858370742084
130	40.1205749906686
131	46.470045129509764
132	44.76299107017579
133	43.77597421687915
134	41.75408375475131
135	40.248631920632945
136	39.32898051977135
137	37.65310003929251
138	36.12746725110473
139	35.25065893775119
140	35.0569648399385
141	33.47986248883213
142	31.91303260244083
143	30.182531204930356
144	28.329955371537373
145	27.411774252862926
146	26.15557537074763
147	25.210800120668125
148	24.36919275674635
149	25.77852965574165
150	28.768552219768516
151	26.845704544604637
152	25.595352138567307
153	24.700340190586104
154	23.172951522985823
155	21.584730003829495
156	20.357684556994336
157	19.971959784763264
158	19.51184919562628
159	19.026767614106877
160	17.88727354780515
161	17.375362927537992
162	17.5127963952317
163	19.15760024001098
164	26.18245973891633
165	26.185727104638318
166	28.84036260449075
167	32.12603218882597
168	30.67407922896455
169	29.559510326315312
170	31.379124047186146
171	31.220904075453127
172	31.99999562372725
173	30.758003208936135
174	29.50834878823721
175	28.531266979694287
176	27.548211866024445
177	45.971743031944726
178	44.053347374002534
179	42.495618857939014
180	40.828996755219634
181	39.70259078486621
182	37.97564580988738
183	36.216393771575866
184	35.295848887673856
185	34.0847138692398
186	33.41235778131805
187	31.849111708668627
188	30.284807434447114
189	36.050598289409876
190	34.02472315975123
191	32.72035618082405
192	31.203865359702743
193	29.346867280067094
194	28.69030489023819
195	27.482554877717302
196	25.81032519804436
197	24.655240462990065
198	28.11910647731097
199	26.64457622943932
200	24.671598651692285
201	23.86125830282149
202	22.93324640654369
203	21.685849691749407
204	24.087841949833106
205	30.117422817447686
206	33.336913187120594
207	31.929492974133428
208	53.74285804947001
209	51.601244349094344
210	53.257516876522494
211	51.175887613442406
212	49.368931159026225
213	47.786631850328305
214	45.99807932010113
215	43.67414882232786
216	42.00132490972383
217	41.952386258615334
218	40.35166728410818
219	37.94718520736984
220	35.810796716673906
221	33.61276367227142
222	31.479813401244172
223	29.579487857832703
224	39.946890027966624
225	38.175069116771674
226	35.980701245859045
227	33.92067895955799
228	32.05388854149403
229	30.20958761285715
230	28.495975824521718
231	26.60952210598281
232	37.310391287096856
233	45.338419272720856
234	43.285991906182254
235	63.90622934126638
236	62.26359781392091
237	61.227574945801656
238	65.2877883310233
239	68.8986046593414
240	66.27843639431066
241	64.04802875221417
242	61.58345699057399
243	59.45931132482005
244	74.97193563582724
245	73.41682596256653
246	70.99967634071679
247	71.02749854413489
248	80.10550660628806
249	83.98819362345915
250	84.34151928756219
251	86.45834283530688
252	84.52731840091698
253	82.54144590386393
254	82.06815133309986
255	79.86703159834441
256	77.68700537431782
257	75.84826320840848
258	100.0
259	100.0
260	97.7775606981618
261	95.78288008941304
262	93.81079881778147
263	91.83121803050497
264	89.78889766793449
265	91.84842474885903
266	92.55193900259938
267	91.74974679585384
268	96.25049887468695
269	94.58921211374243
270	92.74785372197947
271	91.19787814742692
272	89.58682724675239
273	88.00037955290938
274	87.23955906505138
275	87.57765864182089
276	86.44047861867807
277	85.45776382114583
278	93.86885738650894
279	93.15101047928155
280	91.67759863437163
281	90.0438353135083
282	88.3956218545015
283	86.81128723479713
284	85.43763925027183
285	83.32176661378953
286	81.10735722868534
287	79.63225358717185
288	97.85328635659637
289	100.0
290	98.45483160646586
291	97.3130896059583
292	98.41009661879205
293	100.0
294	98.96841787794945
295	100.0
296	99.14989574159182
297	100.0
298	100.0
299	100.0
300	98.4794725969448
301	97.40333459148505
302	98.08395460880706
303	97.3885077567258
304	96.12441406022316
305	94.95328486662318
306	94.15460740863199
307	93.34366979486329
308	92.87342405005646
309	91.58677555797188
310	90.61657958465413
311	94.35258434981625
312	92.78479102250887
313	92.70850990443047
314	92.07217182026073
315	91.30280263670284
316	90.3128367475113
317	89.36921019048494
318	88.68052245787929
319	89.38920049235938
320	88.5895560921887
321	87.77613583138347
322	86.84657734143862
323	85.70648981563694
324	84.75208986758051
325	83.77196239096207
326	82.78297436516822
327	81.69485694151265
328	80.80313078084335
329	80.98993897139117
330	79.73464466548015
331	78.90324770242475
332	77.91165176037241
333	76.96405667280746
334	76.08636568298803
335	75.39666728804869
336	74.71924119148437
337	73.96451993254315
338	73.38977004817018
339	72.66831801323389
340	71.86966808312772
341	70.86540881069392
342	69.82569273889267
343	69.47097217525724
344	70.68823558344242
345	69.83840396785746
346	69.10851595573956
347	68.39922231971111
348	67.52630941472427
349	66.49446008633745
350	65.26376810847071
351	64.12751384626907
352	66.27037098912622
353	72.92179436284758
354	81.20713867999206
355	80.57053599508198
356	79.62660672742524
357	79.16766111485889
358	78.28303916742249
359	77.57119656828311
360	77.91871549785807
361	77.22736819749967
362	76.20908872873927
363	75.41300866968245
364	74.65337895703172
365	73.8808675275053
